0 0.918919 0.163951 0.934566 0.163951 0.960171 0.143154 0.960171 0.142114 0.960171 0.141075 0.960171 0.140035 0.958748 0.112998 0.958748 0.111958 0.958748 0.110919 0.957326 0.110919 0.947368 0.103640 0.960171 0.084922 0.960171 0.083882 0.960171 0.082842 0.960171 0.081802 0.960171 0.079723 0.934566 0.057886 0.934566 0.038128 0.918919 0.038128 0.896159 0.038128 0.884780 0.093241 0.884780 0.094281 0.884780 0.095321 0.884780 0.096360 0.894737 0.105719 0.886202 0.112998 0.884780 0.112998 0.884780 0.114038 0.884780 0.115078 0.883357 0.146274 0.883357 0.148354 0.883357 0.149393 0.883357 0.150433 0.894737 0.163951 0.918919 0.163951
0 0.544808 0.160832 0.557610 0.160832 0.570413 0.151473 0.571835 0.151473 0.571835 0.150433 0.571835 0.149393 0.576102 0.091161 0.576102 0.089081 0.576102 0.088042 0.576102 0.087002 0.556188 0.063085 0.556188 0.040208 0.544808 0.040208 0.517781 0.040208 0.503556 0.082842 0.503556 0.083882 0.503556 0.084922 0.503556 0.085962 0.516358 0.111958 0.503556 0.148354 0.503556 0.149393 0.503556 0.150433 0.503556 0.151473 0.503556 0.152513 0.504979 0.152513 0.516358 0.160832 0.544808 0.160832
0 0.342817 0.042288 0.318634 0.042288 0.307255 0.093241 0.307255 0.094281 0.307255 0.095321 0.324324 0.124437 0.348506 0.124437 0.357041 0.123397 0.375533 0.098440 0.375533 0.097400 0.375533 0.096360 0.374111 0.069324 0.374111 0.068284 0.374111 0.067244 0.371266 0.067244 0.354196 0.054766 0.352774 0.041248 0.342817 0.042288
0 0.726885 0.235702 0.751067 0.235702 0.769559 0.212825 0.769559 0.211785 0.769559 0.210745 0.770982 0.210745 0.770982 0.179549 0.769559 0.178510 0.769559 0.177470 0.769559 0.176430 0.768137 0.176430 0.756757 0.167071 0.769559 0.132756 0.769559 0.131716 0.769559 0.130676 0.769559 0.129636 0.769559 0.127556 0.768137 0.127556 0.752489 0.115078 0.748222 0.083882 0.726885 0.083882 0.702703 0.083882 0.692745 0.185789 0.692745 0.186828 0.692745 0.187868 0.692745 0.188908 0.702703 0.197227 0.692745 0.214905 0.692745 0.215945 0.692745 0.216984 0.692745 0.218024 0.702703 0.235702 0.726885 0.235702
0 0.446657 0.205546 0.460882 0.205546 0.479374 0.185789 0.479374 0.183709 0.479374 0.182669 0.479374 0.181629 0.479374 0.180589 0.470839 0.162912 0.479374 0.123397 0.479374 0.122357 0.479374 0.121317 0.460882 0.096360 0.460882 0.078683 0.446657 0.078683 0.421053 0.078683 0.408250 0.145234 0.408250 0.146274 0.408250 0.148354 0.421053 0.167071 0.408250 0.181629 0.408250 0.182669 0.408250 0.183709 0.408250 0.185789 0.408250 0.186828 0.421053 0.205546 0.446657 0.205546
0 0.251778 0.085962 0.223329 0.085962 0.211949 0.182669 0.211949 0.183709 0.211949 0.185789 0.211949 0.186828 0.214794 0.189948 0.224751 0.200347 0.211949 0.231542 0.253201 0.234662 0.266003 0.233622 0.266003 0.215945 0.275960 0.207626 0.277383 0.207626 0.277383 0.206586 0.277383 0.205546 0.277383 0.204506 0.277383 0.202426 0.277383 0.201386 0.271693 0.193068 0.284495 0.182669 0.285917 0.182669 0.285917 0.181629 0.285917 0.180589 0.287340 0.180589 0.287340 0.136915 0.285917 0.135875 0.285917 0.134835 0.263158 0.084922 0.251778 0.085962
0 0.823613 0.289775 0.847795 0.289775 0.860597 0.280416 0.862020 0.280416 0.862020 0.278336 0.862020 0.277296 0.862020 0.276256 0.856330 0.242981 0.864865 0.220104 0.864865 0.219064 0.864865 0.218024 0.864865 0.216984 0.849218 0.187868 0.864865 0.164991 0.864865 0.163951 0.864865 0.162912 0.864865 0.161872 0.864865 0.160832 0.847795 0.145234 0.862020 0.121317 0.862020 0.120277 0.862020 0.119237 0.862020 0.117158 0.862020 0.116118 0.860597 0.116118 0.846373 0.104679 0.846373 0.087002 0.823613 0.087002 0.802276 0.087002 0.793741 0.226343 0.793741 0.227383 0.793741 0.228423 0.793741 0.229463 0.795164 0.229463 0.803698 0.235702 0.803698 0.289775 0.823613 0.289775
0 0.633001 0.083882 0.607397 0.083882 0.597440 0.151473 0.597440 0.152513 0.597440 0.153553 0.597440 0.154593 0.598862 0.154593 0.608819 0.161872 0.597440 0.176430 0.597440 0.177470 0.597440 0.178510 0.597440 0.179549 0.608819 0.195147 0.597440 0.216984 0.597440 0.218024 0.597440 0.219064 0.597440 0.220104 0.608819 0.245061 0.597440 0.268977 0.597440 0.271057 0.597440 0.272097 0.597440 0.273137 0.597440 0.274177 0.598862 0.274177 0.608819 0.282496 0.634424 0.282496 0.658606 0.281456 0.674253 0.271057 0.675676 0.271057 0.675676 0.268977 0.675676 0.267938 0.675676 0.266898 0.675676 0.265858 0.675676 0.264818 0.661451 0.248180 0.675676 0.225303 0.675676 0.224263 0.675676 0.222184 0.675676 0.221144 0.675676 0.220104 0.660028 0.204506 0.660028 0.190988 0.674253 0.179549 0.675676 0.179549 0.675676 0.178510 0.675676 0.177470 0.675676 0.176430 0.675676 0.174350 0.665718 0.155633 0.675676 0.136915 0.675676 0.135875 0.675676 0.134835 0.675676 0.133795 0.675676 0.132756 0.658606 0.116118 0.651494 0.082842 0.633001 0.083882
0 0.268848 0.227383 0.253201 0.227383 0.253201 0.233622 0.250356 0.234662 0.251778 0.267938 0.273115 0.267938 0.281650 0.266898 0.293030 0.249220 0.293030 0.248180 0.293030 0.247140 0.293030 0.246101 0.280228 0.226343 0.268848 0.227383
0 0.250356 0.230503 0.246088 0.226343 0.223329 0.227383 0.201991 0.227383 0.203414 0.271057 0.224751 0.271057 0.246088 0.268977 0.251778 0.235702 0.251778 0.234662 0.250356 0.230503
0 0.446657 0.324090 0.470839 0.324090 0.482219 0.313692 0.482219 0.312652 0.482219 0.311612 0.482219 0.310572 0.469417 0.222184 0.446657 0.222184 0.416785 0.222184 0.405405 0.261698 0.405405 0.262738 0.405405 0.263778 0.416785 0.278336 0.405405 0.303293 0.405405 0.304333 0.405405 0.305373 0.405405 0.306412 0.416785 0.324090 0.446657 0.324090
0 0.823613 0.398960 0.854908 0.398960 0.866287 0.377123 0.866287 0.376083 0.866287 0.375043 0.866287 0.372964 0.866287 0.371924 0.854908 0.359445 0.853485 0.358406 0.853485 0.357366 0.866287 0.339688 0.866287 0.338648 0.866287 0.337608 0.866287 0.335529 0.866287 0.334489 0.864865 0.334489 0.853485 0.326170 0.852063 0.306412 0.823613 0.306412 0.802276 0.306412 0.792319 0.338648 0.792319 0.339688 0.792319 0.340728 0.792319 0.341768 0.802276 0.351127 0.802276 0.353206 0.792319 0.378163 0.792319 0.379203 0.792319 0.380243 0.792319 0.381282 0.799431 0.398960 0.823613 0.398960
0 0.726885 0.405199 0.751067 0.405199 0.766714 0.377123 0.766714 0.376083 0.766714 0.375043 0.766714 0.372964 0.766714 0.371924 0.753912 0.357366 0.766714 0.297054 0.766714 0.296014 0.766714 0.294974 0.751067 0.256499 0.726885 0.256499 0.701280 0.256499 0.691323 0.342808 0.691323 0.343847 0.691323 0.344887 0.701280 0.360485 0.691323 0.387522 0.691323 0.388562 0.691323 0.389601 0.691323 0.390641 0.701280 0.405199 0.726885 0.405199
0 0.634424 0.303293 0.607397 0.303293 0.598862 0.341768 0.598862 0.342808 0.598862 0.343847 0.607397 0.358406 0.597440 0.377123 0.597440 0.378163 0.597440 0.379203 0.597440 0.380243 0.607397 0.394801 0.597440 0.418718 0.597440 0.419757 0.597440 0.420797 0.597440 0.422877 0.608819 0.439515 0.635846 0.439515 0.652916 0.438475 0.664296 0.422877 0.664296 0.420797 0.665718 0.400000 0.665718 0.398960 0.665718 0.397920 0.665718 0.396880 0.655761 0.387522 0.667141 0.378163 0.668563 0.378163 0.668563 0.377123 0.668563 0.376083 0.668563 0.375043 0.668563 0.372964 0.660028 0.359445 0.667141 0.353206 0.668563 0.353206 0.668563 0.352166 0.668563 0.351127 0.671408 0.351127 0.671408 0.324090 0.668563 0.323050 0.668563 0.322010 0.668563 0.320971 0.652916 0.302253 0.634424 0.303293
0 0.253201 0.275217 0.220484 0.275217 0.210526 0.313692 0.210526 0.314731 0.210526 0.315771 0.210526 0.316811 0.221906 0.328250 0.210526 0.348007 0.210526 0.349047 0.210526 0.350087 0.210526 0.351127 0.221906 0.375043 0.210526 0.389601 0.210526 0.390641 0.210526 0.391681 0.210526 0.392721 0.221906 0.409359 0.254623 0.409359 0.274538 0.408319 0.287340 0.389601 0.287340 0.388562 0.287340 0.387522 0.287340 0.386482 0.275960 0.369844 0.287340 0.353206 0.287340 0.352166 0.287340 0.351127 0.287340 0.350087 0.277383 0.325130 0.275960 0.324090 0.277383 0.323050 0.285917 0.315771 0.287340 0.315771 0.287340 0.314731 0.287340 0.313692 0.287340 0.312652 0.277383 0.274177 0.253201 0.275217
0 0.446657 0.483189 0.467994 0.483189 0.479374 0.474870 0.480797 0.474870 0.480797 0.473830 0.480797 0.472790 0.480797 0.471750 0.480797 0.470711 0.469417 0.438475 0.480797 0.371924 0.480797 0.370884 0.480797 0.369844 0.462304 0.332409 0.446657 0.332409 0.416785 0.332409 0.403983 0.380243 0.403983 0.381282 0.403983 0.382322 0.403983 0.384402 0.405405 0.384402 0.416785 0.391681 0.405405 0.414558 0.405405 0.415598 0.405405 0.416638 0.405405 0.417678 0.416785 0.439515 0.403983 0.466551 0.403983 0.467591 0.403983 0.469671 0.403983 0.470711 0.403983 0.471750 0.415363 0.483189 0.446657 0.483189
0 0.823613 0.425997 0.795164 0.425997 0.795164 0.481109 0.786629 0.489428 0.783784 0.489428 0.783784 0.490468 0.783784 0.491508 0.783784 0.492548 0.783784 0.515425 0.783784 0.517504 0.783784 0.518544 0.786629 0.518544 0.795164 0.524783 0.786629 0.540381 0.786629 0.541421 0.786629 0.542461 0.786629 0.543501 0.795164 0.563258 0.826458 0.563258 0.846373 0.562218 0.860597 0.541421 0.860597 0.540381 0.860597 0.539341 0.860597 0.538302 0.847795 0.519584 0.860597 0.482149 0.860597 0.481109 0.860597 0.480069 0.860597 0.477990 0.860597 0.476950 0.859175 0.476950 0.853485 0.471750 0.859175 0.438475 0.859175 0.437435 0.859175 0.436395 0.859175 0.435355 0.847795 0.424957 0.823613 0.425997
0 0.726885 0.415598 0.705548 0.415598 0.701280 0.555979 0.726885 0.557019 0.762447 0.555979 0.751067 0.519584 0.756757 0.500867 0.763869 0.476950 0.763869 0.475910 0.763869 0.474870 0.752489 0.455113 0.762447 0.444714 0.762447 0.443674 0.762447 0.442634 0.762447 0.441594 0.762447 0.439515 0.762447 0.438475 0.761024 0.438475 0.749644 0.429116 0.748222 0.428076 0.748222 0.415598 0.726885 0.415598
0 0.254623 0.432236 0.217639 0.432236 0.210526 0.469671 0.210526 0.470711 0.210526 0.471750 0.210526 0.472790 0.217639 0.480069 0.209104 0.493588 0.209104 0.494627 0.209104 0.495667 0.209104 0.496707 0.220484 0.527903 0.256046 0.527903 0.271693 0.526863 0.285917 0.460312 0.285917 0.458232 0.285917 0.457192 0.271693 0.430156 0.254623 0.432236
0 0.635846 0.457192 0.607397 0.457192 0.600284 0.509185 0.600284 0.510225 0.600284 0.511265 0.600284 0.512305 0.601707 0.512305 0.607397 0.517504 0.610242 0.518544 0.610242 0.555979 0.607397 0.558059 0.598862 0.565338 0.597440 0.565338 0.597440 0.566378 0.597440 0.567418 0.597440 0.568458 0.607397 0.596534 0.637269 0.596534 0.652916 0.595494 0.668563 0.574697 0.668563 0.572617 0.668563 0.571577 0.668563 0.570537 0.668563 0.569497 0.658606 0.557019 0.665718 0.549740 0.667141 0.549740 0.667141 0.548700 0.667141 0.547660 0.668563 0.526863 0.668563 0.524783 0.668563 0.523744 0.668563 0.522704 0.667141 0.522704 0.658606 0.515425 0.668563 0.500867 0.668563 0.499827 0.668563 0.498787 0.668563 0.496707 0.651494 0.456153 0.635846 0.457192
0 0.446657 0.613172 0.469417 0.613172 0.480797 0.600693 0.480797 0.599653 0.480797 0.598614 0.480797 0.597574 0.469417 0.561179 0.480797 0.522704 0.480797 0.521664 0.480797 0.520624 0.480797 0.519584 0.479374 0.519584 0.469417 0.512305 0.446657 0.512305 0.413940 0.512305 0.403983 0.521664 0.403983 0.522704 0.403983 0.523744 0.403983 0.524783 0.403983 0.526863 0.416785 0.560139 0.403983 0.572617 0.403983 0.574697 0.403983 0.575737 0.403983 0.576776 0.403983 0.577816 0.416785 0.613172 0.446657 0.613172
0 0.256046 0.649567 0.271693 0.649567 0.287340 0.628769 0.287340 0.627730 0.287340 0.626690 0.287340 0.625650 0.287340 0.624610 0.274538 0.602773 0.287340 0.579896 0.287340 0.578856 0.287340 0.577816 0.287340 0.576776 0.268848 0.543501 0.256046 0.543501 0.223329 0.543501 0.211949 0.589255 0.211949 0.590295 0.211949 0.591334 0.211949 0.593414 0.223329 0.604853 0.210526 0.615251 0.209104 0.615251 0.209104 0.616291 0.209104 0.617331 0.209104 0.618371 0.209104 0.637088 0.209104 0.638128 0.209104 0.640208 0.210526 0.640208 0.223329 0.649567 0.256046 0.649567
0 0.826458 0.580936 0.800853 0.580936 0.789474 0.626690 0.789474 0.627730 0.789474 0.628769 0.800853 0.645407 0.789474 0.661005 0.789474 0.662045 0.789474 0.663085 0.789474 0.664125 0.800853 0.682842 0.789474 0.701560 0.789474 0.702600 0.789474 0.703640 0.789474 0.704679 0.802276 0.730676 0.827881 0.730676 0.847795 0.729636 0.860597 0.602773 0.860597 0.600693 0.860597 0.599653 0.846373 0.579896 0.826458 0.580936
0 0.637269 0.628769 0.608819 0.628769 0.601707 0.714038 0.601707 0.716118 0.601707 0.717158 0.601707 0.718198 0.603129 0.718198 0.610242 0.723397 0.611664 0.723397 0.611664 0.770191 0.638691 0.770191 0.660028 0.769151 0.671408 0.700520 0.671408 0.699480 0.671408 0.698440 0.661451 0.679723 0.671408 0.654766 0.671408 0.653726 0.671408 0.652686 0.671408 0.651646 0.658606 0.627730 0.637269 0.628769
0 0.256046 0.773310 0.271693 0.773310 0.284495 0.747314 0.284495 0.746274 0.285917 0.746274 0.285917 0.692201 0.284495 0.691161 0.284495 0.690121 0.271693 0.665165 0.256046 0.665165 0.227596 0.665165 0.213371 0.694281 0.213371 0.695321 0.213371 0.697400 0.213371 0.730676 0.213371 0.731716 0.227596 0.773310 0.256046 0.773310
0 0.827881 0.847140 0.859175 0.846101 0.849218 0.798267 0.853485 0.792028 0.862020 0.777470 0.862020 0.776430 0.862020 0.775390 0.862020 0.774350 0.847795 0.751473 0.827881 0.751473 0.796586 0.751473 0.789474 0.835702 0.789474 0.836742 0.789474 0.837782 0.789474 0.839861 0.795164 0.847140 0.827881 0.847140
0 0.846373 0.852340 0.822191 0.852340 0.820768 0.883536 0.847795 0.884575 0.886202 0.882496 0.884780 0.851300 0.846373 0.852340
0 0.803698 0.884575 0.827881 0.883536 0.822191 0.851300 0.803698 0.851300 0.782361 0.851300 0.782361 0.884575 0.803698 0.884575
0 0.725462 0.755633 0.725462 0.767071 0.725462 0.778510 0.725462 0.789948 0.725462 0.802426 0.725462 0.813865 0.725462 0.825303 0.725462 0.836742 0.725462 0.849220 0.725462 0.860659 0.726885 0.860659 0.752489 0.860659 0.752489 0.849220 0.769559 0.834662 0.770982 0.834662 0.770982 0.833622 0.770982 0.832582 0.770982 0.831542 0.770982 0.830503 0.763869 0.816984 0.770982 0.786828 0.770982 0.785789 0.770982 0.784749 0.751067 0.752513 0.726885 0.752513 0.725462 0.752513 0.725462 0.755633
0 0.725462 0.760832 0.725462 0.773310 0.725462 0.784749 0.725462 0.796187 0.725462 0.807626 0.725462 0.820104 0.725462 0.831542 0.725462 0.842981 0.725462 0.854419 0.706970 0.854419 0.706970 0.865858 0.726885 0.865858 0.752489 0.865858 0.768137 0.834662 0.768137 0.833622 0.769559 0.833622 0.769559 0.784749 0.768137 0.783709 0.768137 0.782669 0.753912 0.757712 0.753912 0.738995 0.768137 0.723397 0.768137 0.722357 0.768137 0.721317 0.768137 0.720277 0.768137 0.719237 0.755334 0.692201 0.768137 0.665165 0.768137 0.664125 0.768137 0.663085 0.768137 0.662045 0.755334 0.641248 0.768137 0.617331 0.768137 0.616291 0.768137 0.615251 0.768137 0.614211 0.752489 0.584055 0.726885 0.584055 0.705548 0.584055 0.697013 0.603813 0.697013 0.604853 0.697013 0.605893 0.697013 0.636049 0.697013 0.637088 0.697013 0.638128 0.698435 0.638128 0.705548 0.645407 0.698435 0.672444 0.698435 0.673484 0.698435 0.674523 0.698435 0.675563 0.705548 0.682842 0.697013 0.717158 0.697013 0.718198 0.697013 0.719237 0.697013 0.720277 0.698435 0.720277 0.706970 0.727556 0.706970 0.757712 0.725462 0.760832
0 0.256046 0.794107 0.224751 0.794107 0.213371 0.836742 0.213371 0.837782 0.213371 0.839861 0.213371 0.840901 0.214794 0.840901 0.224751 0.849220 0.214794 0.868977 0.214794 0.870017 0.214794 0.871057 0.214794 0.872097 0.226174 0.891854 0.258890 0.891854 0.280228 0.890815 0.293030 0.872097 0.293030 0.871057 0.293030 0.870017 0.293030 0.868977 0.281650 0.847140 0.293030 0.814905 0.293030 0.813865 0.293030 0.812825 0.293030 0.811785 0.280228 0.793068 0.256046 0.794107
