0 0.538637 0.156326 0.571559 0.156326 0.578875 0.134142 0.578875 0.133449 0.578875 0.132756 0.578875 0.132062 0.577961 0.132062 0.571559 0.127210 0.570645 0.125823 0.571559 0.123050 0.577046 0.109532 0.577046 0.108839 0.577046 0.108146 0.577046 0.107452 0.577046 0.106759 0.576132 0.106759 0.571559 0.103293 0.570645 0.101906 0.571559 0.089428 0.538637 0.089428 0.469593 0.089428 0.470508 0.106759 0.470508 0.107452 0.470508 0.108146 0.471422 0.108146 0.473251 0.110225 0.482396 0.117158 0.483310 0.156326 0.538637 0.156326
0 0.348880 0.064471 0.309556 0.065858 0.315958 0.093588 0.307727 0.108839 0.307727 0.109532 0.307727 0.110225 0.307727 0.110919 0.307727 0.111612 0.315043 0.118891 0.305441 0.127210 0.303612 0.129289 0.302698 0.129289 0.302698 0.129983 0.302698 0.130676 0.302698 0.131369 0.304527 0.152860 0.356196 0.150780 0.395976 0.146620 0.389575 0.134835 0.391404 0.112998 0.392318 0.093588 0.392318 0.092894 0.383631 0.062392 0.348880 0.064471
0 0.092364 0.097747 0.058985 0.099133 0.074531 0.134142 0.095107 0.133449 0.132602 0.131369 0.136260 0.118198 0.136260 0.117504 0.136260 0.117158 0.135345 0.115078 0.131687 0.108146 0.136260 0.095667 0.092364 0.097747
0 0.057156 0.097054 0.043439 0.097054 0.032465 0.121664 0.032465 0.122357 0.032465 0.123050 0.034294 0.135529 0.034294 0.136222 0.034294 0.136915 0.035208 0.136915 0.035208 0.137608 0.038866 0.139688 0.059899 0.139688 0.082305 0.136915 0.066301 0.096360 0.057156 0.097054
0 0.482396 0.197574 0.486054 0.172270 0.486054 0.171577 0.486054 0.170884 0.486054 0.170191 0.481481 0.166031 0.479652 0.162565 0.479652 0.148700 0.480567 0.141768 0.486054 0.121664 0.486054 0.120971 0.486054 0.120277 0.486054 0.119584 0.485139 0.119584 0.480567 0.115078 0.475995 0.111612 0.475995 0.094974 0.479652 0.092201 0.483310 0.088735 0.484225 0.088735 0.484225 0.088042 0.484225 0.087348 0.484225 0.086655 0.484225 0.085962 0.478738 0.077643 0.475995 0.073484 0.477824 0.058579 0.448102 0.058579 0.411523 0.058579 0.411523 0.075563 0.409694 0.076256 0.403292 0.081802 0.402378 0.081802 0.402378 0.082496 0.402378 0.083189 0.402378 0.083882 0.402378 0.196880 0.448102 0.197574 0.482396 0.197574
0 0.259717 0.097747 0.201646 0.099133 0.197074 0.106759 0.197074 0.107452 0.197074 0.108146 0.197074 0.108839 0.197074 0.109532 0.203475 0.116464 0.204390 0.117504 0.203475 0.120277 0.197074 0.134142 0.197074 0.134835 0.197074 0.135529 0.197988 0.148700 0.197988 0.149393 0.197988 0.150087 0.198903 0.150087 0.204390 0.154939 0.205304 0.154939 0.206219 0.192028 0.264289 0.191334 0.299040 0.188562 0.296296 0.171577 0.296296 0.170191 0.304527 0.153553 0.304527 0.152860 0.304527 0.152166 0.304527 0.151473 0.304527 0.150780 0.303612 0.150780 0.295382 0.143847 0.302698 0.127903 0.302698 0.127210 0.302698 0.126516 0.302698 0.125823 0.302698 0.125130 0.301783 0.125130 0.288066 0.115078 0.285322 0.113692 0.284408 0.096360 0.259717 0.097747
0 0.538637 0.224610 0.572474 0.224610 0.572474 0.169497 0.538637 0.169497 0.529035 0.169497 0.527206 0.183016 0.518976 0.189255 0.518061 0.189255 0.518061 0.189948 0.518061 0.190641 0.518061 0.191334 0.518061 0.207972 0.518061 0.208666 0.529950 0.224610 0.538637 0.224610
0 0.289895 0.219757 0.351623 0.219757 0.351623 0.199653 0.350709 0.198960 0.350709 0.198267 0.343393 0.187175 0.289895 0.187175 0.270690 0.187175 0.261545 0.201733 0.261545 0.202426 0.261545 0.203120 0.261545 0.203813 0.267947 0.219757 0.289895 0.219757
0 0.264289 0.219757 0.264289 0.216291 0.267032 0.214905 0.268861 0.189948 0.262460 0.188562 0.245999 0.188562 0.205304 0.188562 0.203475 0.219064 0.245999 0.219757 0.264289 0.219757
0 0.165066 0.212132 0.197988 0.211438 0.195245 0.175043 0.199817 0.171577 0.204390 0.167418 0.205304 0.167418 0.205304 0.166724 0.205304 0.166031 0.206219 0.166031 0.206219 0.150780 0.205304 0.150087 0.205304 0.149393 0.200732 0.141768 0.196159 0.134142 0.196159 0.112998 0.202561 0.104679 0.165066 0.103293 0.137174 0.103293 0.132602 0.125130 0.132602 0.125823 0.137174 0.212132 0.165066 0.212132
0 0.071788 0.139688 0.048011 0.140381 0.038866 0.162565 0.038866 0.163258 0.038866 0.163951 0.038866 0.164645 0.046182 0.176430 0.050754 0.183709 0.045267 0.193414 0.042524 0.198960 0.042524 0.199653 0.042524 0.200347 0.042524 0.201040 0.042524 0.201733 0.044353 0.203813 0.049840 0.209359 0.044353 0.215598 0.042524 0.216984 0.042524 0.217678 0.042524 0.218371 0.042524 0.219064 0.043439 0.232929 0.077732 0.232236 0.141747 0.228076 0.139003 0.136222 0.071788 0.139688
0 0.720622 0.299480 0.800640 0.300867 0.805213 0.010052 0.730681 0.008666 0.682670 0.007279 0.678098 0.016291 0.678098 0.016984 0.678098 0.017678 0.679012 0.056499 0.679927 0.105373 0.673525 0.111612 0.655235 0.128596 0.655235 0.129289 0.655235 0.129983 0.652492 0.194801 0.652492 0.195494 0.652492 0.196187 0.662551 0.210052 0.654321 0.218371 0.654321 0.219064 0.654321 0.219757 0.654321 0.220451 0.654321 0.221144 0.654321 0.221837 0.662551 0.232236 0.663466 0.233622 0.662551 0.234315 0.651578 0.249220 0.651578 0.249913 0.651578 0.250607 0.656150 0.297400 0.720622 0.299480
0 0.539552 0.291508 0.579790 0.290815 0.570645 0.237435 0.539552 0.237435 0.523548 0.237435 0.517147 0.259619 0.516232 0.260312 0.507087 0.267938 0.506173 0.267938 0.506173 0.268631 0.506173 0.269324 0.506173 0.270017 0.506173 0.291508 0.539552 0.291508
0 0.188843 0.242288 0.167810 0.242288 0.172382 0.261005 0.167810 0.285269 0.188843 0.285962 0.225423 0.285269 0.226337 0.242288 0.188843 0.242288
0 0.288980 0.214905 0.265203 0.215598 0.254230 0.215598 0.250572 0.261005 0.241427 0.268631 0.230453 0.279029 0.230453 0.279723 0.230453 0.280416 0.230453 0.281109 0.232282 0.310572 0.269776 0.309879 0.297211 0.308492 0.302698 0.275563 0.302698 0.274870 0.302698 0.274177 0.302698 0.273484 0.296296 0.267244 0.301783 0.255459 0.301783 0.254766 0.301783 0.254073 0.301783 0.253380 0.301783 0.252686 0.295382 0.246447 0.300869 0.237435 0.300869 0.236742 0.300869 0.236049 0.300869 0.235355 0.300869 0.235009 0.299954 0.235009 0.299954 0.234315 0.293553 0.230849 0.292638 0.214211 0.288980 0.214905
0 0.149977 0.228769 0.134431 0.228769 0.134431 0.296014 0.151806 0.296707 0.176040 0.293934 0.170553 0.279723 0.173297 0.228076 0.149977 0.228769
0 0.102423 0.232929 0.089620 0.232929 0.090535 0.258232 0.081390 0.270711 0.072702 0.281802 0.072702 0.282496 0.072702 0.283189 0.072702 0.283882 0.074531 0.305026 0.106081 0.305026 0.139918 0.302946 0.139918 0.231542 0.102423 0.232929
0 0.055327 0.232236 0.039781 0.232929 0.034294 0.259619 0.034294 0.260312 0.034294 0.261005 0.034294 0.261698 0.045267 0.274870 0.038866 0.290815 0.038866 0.291508 0.038866 0.292201 0.038866 0.292894 0.038866 0.293588 0.049840 0.303640 0.066301 0.302946 0.076360 0.301560 0.077732 0.285269 0.077732 0.284575 0.077732 0.283882 0.077732 0.283189 0.076818 0.283189 0.076818 0.282496 0.073617 0.281109 0.081390 0.274177 0.081390 0.273484 0.081390 0.272790 0.081390 0.272097 0.079561 0.260312 0.079561 0.259619 0.079561 0.258925 0.078647 0.258925 0.068130 0.249913 0.067215 0.249913 0.064472 0.230849 0.055327 0.232236
0 0.539552 0.364991 0.582533 0.363605 0.577961 0.352166 0.580704 0.309879 0.539552 0.309879 0.508916 0.309879 0.511660 0.364991 0.539552 0.364991
0 0.237769 0.349393 0.258802 0.349393 0.265203 0.339688 0.265203 0.338995 0.265203 0.338302 0.263374 0.318198 0.237769 0.318198 0.219021 0.318198 0.217193 0.332756 0.217193 0.333449 0.217193 0.334142 0.225423 0.349393 0.237769 0.349393
0 0.653406 0.381629 0.658893 0.375390 0.658893 0.374697 0.658893 0.374003 0.658893 0.373310 0.658893 0.372617 0.658893 0.371924 0.657979 0.371924 0.653406 0.367764 0.657979 0.352860 0.657979 0.352166 0.653406 0.335529 0.653406 0.334142 0.653406 0.333449 0.661637 0.327210 0.662551 0.327210 0.662551 0.326516 0.662551 0.325823 0.662551 0.325130 0.662551 0.324437 0.654321 0.311958 0.653406 0.309879 0.653406 0.293934 0.655235 0.292894 0.659808 0.288735 0.660722 0.288735 0.660722 0.288042 0.660722 0.287348 0.660722 0.286655 0.660722 0.285962 0.655235 0.271404 0.653406 0.265165 0.656150 0.258232 0.662551 0.240208 0.662551 0.239515 0.662551 0.238821 0.662551 0.238128 0.657064 0.222530 0.661637 0.218371 0.662551 0.218371 0.662551 0.217678 0.662551 0.216984 0.663466 0.216984 0.663466 0.202426 0.662551 0.201733 0.662551 0.201040 0.657979 0.192028 0.653406 0.184402 0.657979 0.176430 0.661637 0.169497 0.661637 0.168804 0.661637 0.168111 0.661637 0.167418 0.658893 0.157712 0.653406 0.141768 0.660722 0.063778 0.633288 0.063778 0.605396 0.063778 0.603567 0.101213 0.603567 0.101906 0.603567 0.102600 0.603567 0.103293 0.604481 0.103293 0.605396 0.104679 0.614998 0.111612 0.605396 0.129983 0.603567 0.133449 0.603567 0.134142 0.603567 0.134835 0.603567 0.143154 0.603567 0.143847 0.603567 0.144541 0.604481 0.144541 0.605396 0.145234 0.614998 0.153553 0.606310 0.172964 0.606310 0.173657 0.606310 0.174350 0.606310 0.175043 0.618656 0.192721 0.604481 0.207972 0.603567 0.208666 0.603567 0.209359 0.603567 0.210052 0.603567 0.210745 0.603567 0.211438 0.603567 0.212132 0.604481 0.212825 0.617741 0.225303 0.613626 0.229463 0.613626 0.230156 0.613626 0.230849 0.613626 0.231542 0.613626 0.232236 0.613626 0.232929 0.618656 0.238128 0.613626 0.242288 0.613626 0.242981 0.613626 0.243674 0.613626 0.244367 0.618656 0.293588 0.615912 0.311265 0.604481 0.320277 0.603567 0.320277 0.603567 0.320971 0.603567 0.321664 0.603567 0.322357 0.603567 0.323050 0.603567 0.323744 0.609053 0.333449 0.605396 0.340381 0.605396 0.341075 0.605396 0.341768 0.605396 0.342461 0.616827 0.358752 0.603567 0.379549 0.633288 0.381629 0.653406 0.381629
0 0.280750 0.395494 0.352538 0.394107 0.352538 0.364991 0.353452 0.363605 0.358025 0.358752 0.358025 0.358059 0.358025 0.357366 0.358025 0.356672 0.358025 0.355979 0.353452 0.345927 0.352538 0.343847 0.353452 0.342461 0.358025 0.336915 0.358025 0.336222 0.358025 0.335529 0.358025 0.334835 0.353452 0.315425 0.280750 0.315425 0.259717 0.315425 0.257888 0.378856 0.257888 0.379549 0.257888 0.380243 0.263374 0.395494 0.280750 0.395494
0 0.076360 0.309185 0.055327 0.309185 0.055327 0.326516 0.046182 0.337608 0.046182 0.338302 0.046182 0.338995 0.046182 0.339688 0.046182 0.340381 0.046182 0.341075 0.047096 0.341075 0.055327 0.348007 0.047096 0.369151 0.047096 0.369844 0.047096 0.370537 0.048011 0.389948 0.048011 0.390641 0.056241 0.402426 0.078647 0.402426 0.142661 0.399653 0.139003 0.307106 0.076360 0.309185
0 0.205304 0.425650 0.207133 0.412478 0.207133 0.411785 0.207133 0.411438 0.207133 0.410745 0.203475 0.407972 0.201646 0.406586 0.203475 0.404506 0.208048 0.396880 0.208048 0.396187 0.208048 0.395494 0.208048 0.394801 0.208048 0.394107 0.201646 0.387868 0.198903 0.384402 0.200732 0.382322 0.205304 0.378856 0.206219 0.378856 0.206219 0.378163 0.206219 0.377470 0.206219 0.376776 0.206219 0.376083 0.200732 0.367071 0.206219 0.360832 0.206219 0.360139 0.206219 0.359445 0.206219 0.358752 0.206219 0.358059 0.206219 0.357366 0.197074 0.349393 0.192501 0.343847 0.196159 0.339688 0.208048 0.328596 0.208048 0.327903 0.208048 0.327210 0.208048 0.326516 0.208048 0.325823 0.208048 0.325130 0.207133 0.325130 0.193416 0.314731 0.192501 0.314038 0.190672 0.292201 0.167810 0.292201 0.134431 0.291508 0.134431 0.424263 0.166895 0.425650 0.205304 0.425650
0 0.541381 0.445061 0.582533 0.445061 0.582533 0.396187 0.541381 0.396187 0.511660 0.396187 0.511660 0.445061 0.541381 0.445061
0 0.146319 0.436742 0.139003 0.436049 0.139918 0.470017 0.143576 0.470364 0.168724 0.471057 0.172382 0.437435 0.146319 0.436742
0 0.239598 0.389948 0.210791 0.389948 0.210791 0.413172 0.210791 0.413865 0.210791 0.414558 0.211706 0.414558 0.211706 0.415251 0.220850 0.422877 0.215364 0.446447 0.215364 0.447140 0.220850 0.473830 0.216278 0.502946 0.240512 0.503640 0.255144 0.501560 0.255144 0.471750 0.258802 0.467938 0.266118 0.460312 0.266118 0.459619 0.266118 0.458925 0.266118 0.458232 0.266118 0.457539 0.260631 0.442981 0.258802 0.436049 0.258802 0.425650 0.262460 0.422184 0.268861 0.415945 0.268861 0.415251 0.268861 0.414558 0.268861 0.413865 0.265203 0.389255 0.239598 0.389948
0 0.281664 0.423570 0.260631 0.423570 0.258802 0.514038 0.281664 0.514731 0.333333 0.514038 0.333333 0.490468 0.332419 0.489775 0.332419 0.489081 0.327846 0.480763 0.320530 0.465858 0.320530 0.423570 0.281664 0.423570
0 0.188843 0.514038 0.208962 0.514038 0.212620 0.434662 0.188843 0.434662 0.169639 0.434662 0.169639 0.467938 0.155921 0.479376 0.147234 0.487695 0.147234 0.488388 0.147234 0.489081 0.147234 0.489775 0.147234 0.514038 0.188843 0.514038
0 0.080476 0.423570 0.056241 0.423570 0.050754 0.442288 0.050754 0.442981 0.055327 0.468631 0.057156 0.483536 0.053498 0.511265 0.083219 0.511958 0.115226 0.509879 0.114312 0.498787 0.114312 0.498094 0.114312 0.497400 0.113397 0.497400 0.105167 0.490468 0.109739 0.468631 0.110654 0.463778 0.110654 0.463085 0.110654 0.462392 0.110654 0.461698 0.108825 0.460312 0.104252 0.456153 0.106996 0.446447 0.109739 0.435355 0.109739 0.434662 0.109739 0.433969 0.104252 0.422877 0.080476 0.423570
0 0.541381 0.540728 0.563329 0.540728 0.573388 0.518891 0.573388 0.518198 0.574303 0.483536 0.541381 0.483536 0.503429 0.483536 0.499771 0.505026 0.499771 0.505719 0.499771 0.506412 0.499771 0.507106 0.513489 0.521664 0.518976 0.540728 0.541381 0.540728
0 0.280750 0.511958 0.265203 0.511958 0.228166 0.511265 0.223594 0.516118 0.222679 0.516118 0.222679 0.516811 0.222679 0.517504 0.222679 0.518198 0.222679 0.518891 0.228166 0.531023 0.222679 0.555979 0.222679 0.556672 0.222679 0.557366 0.222679 0.558059 0.223594 0.558059 0.230453 0.564298 0.225423 0.570537 0.225423 0.571231 0.225423 0.571924 0.224508 0.589601 0.224508 0.590295 0.224508 0.590988 0.224508 0.591681 0.225423 0.591681 0.232282 0.597920 0.233196 0.597920 0.233196 0.607626 0.264289 0.608319 0.288066 0.607626 0.294467 0.584402 0.294467 0.583709 0.292638 0.574697 0.289895 0.566378 0.293553 0.562912 0.300869 0.555979 0.300869 0.555286 0.300869 0.554593 0.300869 0.553899 0.300869 0.553206 0.295382 0.544887 0.292638 0.540728 0.296296 0.536568 0.301783 0.531023 0.301783 0.530329 0.301783 0.529636 0.301783 0.529289 0.299040 0.511958 0.280750 0.511958
0 0.096936 0.614558 0.117970 0.614558 0.119799 0.596534 0.119799 0.595841 0.119799 0.595147 0.119799 0.594454 0.117055 0.592374 0.115226 0.590988 0.117055 0.588908 0.119799 0.587175 0.119799 0.586482 0.119799 0.585789 0.119799 0.585095 0.119799 0.584402 0.117055 0.576776 0.116141 0.575390 0.116141 0.574003 0.120713 0.567071 0.120713 0.566378 0.120713 0.565685 0.120713 0.564991 0.115226 0.549740 0.114312 0.546274 0.115226 0.544887 0.120713 0.538648 0.120713 0.537955 0.120713 0.537262 0.120713 0.536568 0.120713 0.535875 0.120713 0.535182 0.119799 0.535182 0.114312 0.530329 0.114312 0.529636 0.114312 0.518198 0.096936 0.518198 0.070873 0.518891 0.076818 0.532409 0.072702 0.538648 0.071788 0.539341 0.071788 0.540035 0.071788 0.540728 0.071788 0.541421 0.071788 0.542114 0.071788 0.542808 0.072702 0.542808 0.072702 0.543501 0.081390 0.550433 0.080476 0.560832 0.075446 0.564991 0.072702 0.567071 0.071788 0.567071 0.071788 0.567764 0.071788 0.568458 0.071788 0.569151 0.071788 0.569844 0.076360 0.578856 0.081390 0.588215 0.077732 0.594454 0.072702 0.602080 0.072702 0.602773 0.072702 0.603466 0.072702 0.604159 0.078647 0.614558 0.096936 0.614558
0 0.541381 0.660659 0.542295 0.660659 0.542295 0.658579 0.542295 0.651646 0.542295 0.645061 0.542295 0.638128 0.542295 0.631196 0.542295 0.624263 0.542295 0.617331 0.542295 0.610399 0.541381 0.610399 0.519890 0.610399 0.508916 0.645754 0.508916 0.646447 0.508916 0.646794 0.518061 0.660659 0.541381 0.660659
0 0.165066 0.645061 0.197074 0.645061 0.202561 0.641594 0.203475 0.641594 0.203475 0.640901 0.203475 0.640208 0.203475 0.639515 0.197074 0.606932 0.197074 0.604853 0.197074 0.603466 0.204390 0.585789 0.204390 0.585095 0.204390 0.584402 0.204390 0.583709 0.197988 0.572617 0.204390 0.558059 0.204390 0.557366 0.204390 0.556672 0.204390 0.555979 0.197988 0.544194 0.197988 0.543501 0.197988 0.523050 0.166895 0.523050 0.137174 0.522357 0.132602 0.527210 0.132602 0.527903 0.132602 0.528596 0.132602 0.529289 0.132602 0.553899 0.132602 0.554593 0.132602 0.555286 0.133516 0.555286 0.140832 0.561525 0.142661 0.562218 0.142661 0.576083 0.140832 0.578163 0.131687 0.590295 0.131687 0.590988 0.131687 0.591681 0.139003 0.616638 0.131687 0.630503 0.131687 0.631196 0.131687 0.631889 0.131687 0.632582 0.131687 0.633276 0.139918 0.644367 0.165066 0.645061
0 0.054412 0.523050 0.039781 0.522357 0.033379 0.534489 0.033379 0.535182 0.033379 0.535875 0.033379 0.553206 0.033379 0.553899 0.033379 0.554593 0.034294 0.554593 0.039781 0.558752 0.040695 0.559445 0.039781 0.561525 0.033379 0.571924 0.033379 0.572617 0.033379 0.573310 0.033379 0.574003 0.037952 0.586482 0.039781 0.590988 0.037952 0.596534 0.032465 0.608319 0.032465 0.609012 0.032465 0.609705 0.032465 0.610399 0.037037 0.617331 0.039781 0.622184 0.035208 0.653726 0.052583 0.655113 0.078647 0.655113 0.078647 0.641594 0.077732 0.640901 0.077732 0.640208 0.077732 0.639515 0.069959 0.631889 0.069959 0.621490 0.076360 0.616638 0.076818 0.615251 0.077732 0.615251 0.077732 0.614558 0.077732 0.613865 0.077732 0.613172 0.077732 0.612478 0.076360 0.607626 0.069959 0.595147 0.074531 0.580936 0.076818 0.571231 0.076818 0.570537 0.076818 0.569844 0.073617 0.564298 0.070873 0.560139 0.072702 0.555979 0.075446 0.551127 0.075446 0.550433 0.075446 0.549740 0.075446 0.549047 0.075446 0.548354 0.072702 0.544887 0.070873 0.543501 0.072702 0.542114 0.076818 0.537955 0.076818 0.537262 0.076818 0.536568 0.076818 0.535875 0.076818 0.535182 0.070873 0.523050 0.054412 0.523050
0 0.542295 0.730329 0.542295 0.723397 0.542295 0.716464 0.542295 0.709532 0.542295 0.702946 0.542295 0.696014 0.542295 0.689081 0.542295 0.682149 0.542295 0.675217 0.541381 0.675910 0.524463 0.675910 0.515318 0.684229 0.515318 0.684922 0.515318 0.685615 0.508916 0.708146 0.508916 0.708839 0.508916 0.709532 0.508916 0.710225 0.527206 0.728250 0.528121 0.736568 0.542295 0.736568 0.542295 0.735875 0.542295 0.730329
0 0.261545 0.724783 0.281664 0.724090 0.281664 0.712998 0.296296 0.701560 0.297211 0.701560 0.297211 0.700867 0.297211 0.700173 0.297211 0.699480 0.297211 0.698787 0.297211 0.698094 0.288980 0.688388 0.288980 0.678683 0.296296 0.672444 0.297211 0.672444 0.297211 0.671750 0.297211 0.671057 0.298125 0.671057 0.298125 0.659272 0.297211 0.658579 0.297211 0.657886 0.297211 0.657192 0.296296 0.657192 0.282579 0.646447 0.281664 0.632582 0.262460 0.632582 0.242341 0.631889 0.237769 0.640901 0.237769 0.641594 0.237769 0.642288 0.237769 0.642981 0.241427 0.648873 0.229995 0.659272 0.229995 0.659965 0.229995 0.660659 0.229995 0.661352 0.229995 0.662045 0.238683 0.685615 0.229995 0.706066 0.229995 0.706759 0.229995 0.707452 0.229995 0.708146 0.229995 0.708839 0.242341 0.724090 0.261545 0.724783
0 0.165066 0.769497 0.190672 0.769497 0.197988 0.755979 0.197988 0.755286 0.197988 0.754593 0.191587 0.722704 0.197988 0.713692 0.197988 0.712998 0.198903 0.712998 0.198903 0.683536 0.197988 0.682842 0.197988 0.682149 0.190672 0.666898 0.165066 0.666898 0.147234 0.666898 0.137174 0.708146 0.137174 0.708839 0.137174 0.718544 0.137174 0.719237 0.137174 0.719931 0.138089 0.719931 0.144490 0.725477 0.137174 0.763605 0.137174 0.764298 0.137174 0.764645 0.137174 0.765338 0.138089 0.765338 0.143576 0.769497 0.165066 0.769497
0 0.000000 0.015251 0.000000 0.049567 0.000000 0.050607 0.000000 0.051646 0.000000 0.051646 0.000000 0.054766 0.000000 0.067244 0.000000 0.257539
0 0.000000 0.382322 0.000000 0.460312 0.000000 0.382322
0 0.000000 0.381282 0.000000 0.381282 0.000000 0.552860 0.000000 0.552860 0.000000 0.380243 0.000000 0.381282
0 0.000000 0.725477 0.000000 0.754593
