0 0.387728 0.091156 0.368146 0.091156 0.361619 0.127753 0.361619 0.129787 0.361619 0.130803 0.369452 0.155202 0.389034 0.155202 0.396867 0.154185 0.415144 0.114537 0.415144 0.113521 0.415144 0.112504 0.415144 0.111488 0.415144 0.109454 0.396867 0.090139 0.387728 0.091156
0 0.832898 0.186716 0.838120 0.186716 0.857702 0.158251 0.857702 0.156218 0.857702 0.155202 0.857702 0.154185 0.838120 0.116571 0.832898 0.116571 0.813316 0.116571 0.805483 0.171467 0.805483 0.172484 0.805483 0.173501 0.805483 0.174517 0.812010 0.186716 0.832898 0.186716
0 0.746736 0.189766 0.761097 0.189766 0.778068 0.186716 0.785901 0.163334 0.785901 0.162318 0.785901 0.161301 0.776762 0.149102 0.771540 0.139953 0.775457 0.127753 0.785901 0.105388 0.785901 0.104371 0.785901 0.103355 0.785901 0.102338 0.775457 0.078956 0.785901 0.061674 0.785901 0.060657 0.785901 0.059641 0.785901 0.058624 0.785901 0.057608 0.784595 0.057608 0.772846 0.047442 0.771540 0.046425 0.771540 0.016943 0.746736 0.016943 0.715405 0.018977 0.723238 0.034226 0.716710 0.055574 0.715405 0.062691 0.715405 0.063707 0.718016 0.089122 0.723238 0.118604 0.719321 0.123687 0.715405 0.133853 0.715405 0.134870 0.715405 0.135886 0.715405 0.136903 0.723238 0.159268 0.723238 0.161301 0.723238 0.162318 0.715405 0.170451 0.715405 0.171467 0.715405 0.172484 0.715405 0.173501 0.715405 0.174517 0.723238 0.189766 0.746736 0.189766
0 0.476501 0.192816 0.494778 0.192816 0.516971 0.146052 0.516971 0.145036 0.516971 0.144019 0.516971 0.143002 0.494778 0.091156 0.476501 0.091156 0.456919 0.091156 0.456919 0.192816 0.476501 0.192816
0 0.748042 0.188750 0.742820 0.189766 0.740209 0.254829 0.741514 0.255845 0.762402 0.257879 0.787206 0.256862 0.779373 0.186716 0.763708 0.186716 0.748042 0.185700 0.748042 0.188750
0 0.745431 0.247713 0.738903 0.227381 0.741514 0.220264 0.748042 0.210098 0.748042 0.209082 0.748042 0.208065 0.748042 0.207048 0.736292 0.182650 0.719321 0.182650 0.690601 0.182650 0.690601 0.250762 0.719321 0.251779 0.745431 0.248729 0.745431 0.247713
0 0.570496 0.051508 0.544386 0.051508 0.536554 0.094205 0.536554 0.095222 0.536554 0.096239 0.536554 0.097255 0.537859 0.097255 0.546997 0.104371 0.546997 0.129787 0.546997 0.141986 0.537859 0.165368 0.537859 0.167401 0.537859 0.168417 0.537859 0.169434 0.548303 0.186716 0.539164 0.214165 0.539164 0.215181 0.539164 0.216198 0.539164 0.217215 0.539164 0.218231 0.546997 0.227381 0.574413 0.227381 0.593995 0.226364 0.601828 0.218231 0.601828 0.217215 0.601828 0.216198 0.601828 0.215181 0.601828 0.214165 0.593995 0.185700 0.607050 0.172484 0.607050 0.171467 0.607050 0.170451 0.607050 0.169434 0.607050 0.168417 0.607050 0.167401 0.605744 0.167401 0.593995 0.155202 0.605744 0.145036 0.605744 0.144019 0.605744 0.143002 0.607050 0.143002 0.607050 0.125720 0.605744 0.124703 0.605744 0.123687 0.605744 0.122670 0.593995 0.111488 0.604439 0.100305 0.604439 0.099288 0.604439 0.098272 0.605744 0.098272 0.605744 0.061674 0.604439 0.060657 0.604439 0.059641 0.604439 0.058624 0.601828 0.058624 0.601828 0.057608 0.592689 0.050491 0.570496 0.051508
0 0.476501 0.205015 0.455614 0.205015 0.447781 0.298543 0.447781 0.299559 0.447781 0.300576 0.456919 0.314809 0.477807 0.314809 0.493473 0.312775 0.513055 0.291427 0.513055 0.290410 0.513055 0.289393 0.513055 0.288377 0.513055 0.287360 0.501305 0.271095 0.511749 0.261945 0.513055 0.261945 0.513055 0.260928 0.513055 0.259912 0.514360 0.259912 0.514360 0.241613 0.513055 0.239580 0.513055 0.238563 0.490862 0.203999 0.476501 0.205015
0 0.389034 0.311759 0.406005 0.311759 0.421671 0.284310 0.421671 0.283294 0.421671 0.282277 0.421671 0.281261 0.409922 0.261945 0.421671 0.207048 0.421671 0.206032 0.421671 0.205015 0.406005 0.178584 0.389034 0.178584 0.366841 0.178584 0.356397 0.216198 0.356397 0.217215 0.366841 0.262962 0.356397 0.291427 0.356397 0.292443 0.356397 0.293460 0.356397 0.294476 0.366841 0.311759 0.389034 0.311759
0 0.477807 0.429685 0.493473 0.429685 0.506527 0.413419 0.506527 0.412403 0.506527 0.411386 0.506527 0.410369 0.506527 0.409353 0.493473 0.380888 0.506527 0.344290 0.506527 0.343273 0.506527 0.341240 0.506527 0.340224 0.506527 0.339207 0.494778 0.329041 0.477807 0.329041 0.456919 0.329041 0.450392 0.341240 0.450392 0.343273 0.450392 0.344290 0.458225 0.385971 0.450392 0.411386 0.450392 0.412403 0.450392 0.413419 0.450392 0.414436 0.458225 0.429685 0.477807 0.429685
0 0.317232 0.091156 0.297650 0.091156 0.292428 0.421552 0.317232 0.422569 0.338120 0.421552 0.334204 0.345307 0.336815 0.329041 0.340731 0.311759 0.340731 0.310742 0.340731 0.309726 0.340731 0.308709 0.336815 0.303626 0.334204 0.300576 0.336815 0.293460 0.340731 0.283294 0.340731 0.282277 0.340731 0.281261 0.340731 0.280244 0.336815 0.266012 0.334204 0.257879 0.335509 0.251779 0.340731 0.236530 0.340731 0.235513 0.340731 0.234497 0.340731 0.233480 0.340731 0.232464 0.335509 0.225347 0.334204 0.223314 0.335509 0.217215 0.340731 0.194849 0.340731 0.192816 0.340731 0.191799 0.340731 0.190783 0.339426 0.190783 0.335509 0.186716 0.334204 0.186716 0.335509 0.185700 0.340731 0.171467 0.340731 0.170451 0.340731 0.169434 0.334204 0.144019 0.334204 0.143002 0.334204 0.141986 0.340731 0.124703 0.340731 0.123687 0.340731 0.122670 0.332898 0.091156 0.317232 0.091156
0 0.285901 0.415452 0.297650 0.395120 0.297650 0.394104 0.297650 0.393087 0.297650 0.392070 0.297650 0.391054 0.288512 0.379871 0.296345 0.368689 0.296345 0.367672 0.296345 0.366655 0.296345 0.365639 0.288512 0.345307 0.296345 0.338190 0.297650 0.338190 0.297650 0.337174 0.297650 0.336157 0.297650 0.335141 0.297650 0.334124 0.288512 0.307692 0.297650 0.289393 0.297650 0.288377 0.298956 0.288377 0.298956 0.241613 0.297650 0.239580 0.297650 0.238563 0.297650 0.237547 0.288512 0.227381 0.297650 0.207048 0.297650 0.206032 0.297650 0.205015 0.288512 0.154185 0.297650 0.118604 0.297650 0.117587 0.297650 0.116571 0.287206 0.094205 0.272846 0.094205 0.227154 0.093189 0.225849 0.412403 0.270235 0.415452 0.285901 0.415452
0 0.389034 0.337174 0.368146 0.337174 0.361619 0.401220 0.361619 0.402237 0.361619 0.403253 0.369452 0.419519 0.361619 0.426635 0.360313 0.426635 0.360313 0.427652 0.360313 0.428668 0.360313 0.429685 0.360313 0.454083 0.360313 0.455100 0.360313 0.456117 0.369452 0.467299 0.392950 0.467299 0.406005 0.466283 0.417755 0.451034 0.417755 0.450017 0.417755 0.449000 0.409922 0.422569 0.417755 0.403253 0.417755 0.402237 0.417755 0.401220 0.417755 0.400203 0.404700 0.375805 0.403394 0.336157 0.389034 0.337174
0 0.919060 0.018977 0.894256 0.018977 0.902089 0.542528 0.925587 0.542528 0.962141 0.539478 0.947781 0.509997 0.956919 0.500847 0.956919 0.498814 0.956919 0.497797 0.956919 0.496781 0.956919 0.495764 0.947781 0.465266 0.954308 0.458150 0.955614 0.458150 0.955614 0.457133 0.955614 0.456117 0.956919 0.440868 0.960836 0.412403 0.960836 0.411386 0.954308 0.341240 0.954308 0.340224 0.954308 0.339207 0.953003 0.339207 0.945170 0.334124 0.953003 0.322941 0.955614 0.318875 0.955614 0.317858 0.956919 0.260928 0.956919 0.259912 0.956919 0.257879 0.956919 0.256862 0.955614 0.256862 0.950392 0.251779 0.947781 0.250762 0.950392 0.244663 0.954308 0.235513 0.954308 0.234497 0.954308 0.233480 0.954308 0.232464 0.954308 0.230430 0.953003 0.230430 0.949086 0.227381 0.945170 0.224331 0.949086 0.222298 0.959530 0.213148 0.959530 0.211115 0.959530 0.210098 0.959530 0.209082 0.959530 0.208065 0.951697 0.192816 0.959530 0.158251 0.959530 0.156218 0.939948 0.016943 0.919060 0.018977
0 0.300261 0.535412 0.319843 0.535412 0.328982 0.513046 0.328982 0.512030 0.331593 0.512030 0.331593 0.439851 0.328982 0.438834 0.328982 0.437818 0.322454 0.421552 0.315927 0.421552 0.315927 0.418502 0.300261 0.418502 0.276762 0.418502 0.276762 0.535412 0.300261 0.535412
0 0.477807 0.456117 0.451697 0.456117 0.442559 0.530329 0.442559 0.531345 0.442559 0.532362 0.453003 0.548628 0.442559 0.576076 0.442559 0.577093 0.442559 0.578109 0.442559 0.579126 0.442559 0.580142 0.451697 0.589292 0.479112 0.589292 0.500000 0.588275 0.510444 0.567943 0.510444 0.566926 0.510444 0.565910 0.510444 0.564893 0.502611 0.549644 0.509138 0.544561 0.510444 0.544561 0.510444 0.543545 0.510444 0.542528 0.511749 0.542528 0.511749 0.504914 0.510444 0.503897 0.510444 0.502880 0.510444 0.501864 0.509138 0.501864 0.501305 0.494748 0.509138 0.469332 0.509138 0.468316 0.509138 0.467299 0.500000 0.455100 0.477807 0.456117
0 0.404700 0.624873 0.420366 0.621823 0.424282 0.605557 0.424282 0.604541 0.424282 0.603524 0.424282 0.602508 0.419060 0.597425 0.412533 0.590308 0.419060 0.584209 0.424282 0.577093 0.424282 0.576076 0.424282 0.575059 0.424282 0.573026 0.424282 0.572009 0.424282 0.570993 0.417755 0.564893 0.412533 0.560827 0.417755 0.552694 0.426893 0.533379 0.426893 0.532362 0.426893 0.531345 0.426893 0.530329 0.426893 0.529312 0.424282 0.529312 0.415144 0.521179 0.415144 0.520163 0.415144 0.498814 0.387728 0.498814 0.357702 0.497797 0.349869 0.517113 0.349869 0.519146 0.349869 0.520163 0.349869 0.521179 0.359008 0.540495 0.359008 0.541511 0.357702 0.621823 0.385117 0.624873 0.404700 0.624873
0 0.338120 0.729583 0.338120 0.544561 0.319843 0.544561 0.292428 0.543545 0.296345 0.727550 0.314621 0.729583 0.338120 0.729583
0 0.272846 0.544561 0.232376 0.543545 0.232376 0.701118 0.268930 0.705185 0.296345 0.704168 0.288512 0.634022 0.292428 0.630973 0.297650 0.625890 0.298956 0.625890 0.298956 0.624873 0.298956 0.623856 0.298956 0.622840 0.291123 0.595391 0.291123 0.593358 0.291123 0.591325 0.297650 0.560827 0.297650 0.559810 0.297650 0.558794 0.288512 0.544561 0.272846 0.544561
0 0.497389 0.747882 0.480418 0.748899 0.480418 0.756015 0.480418 0.767198 0.480418 0.769231 0.483029 0.789563 0.502611 0.789563 0.530026 0.784480 0.527415 0.744832 0.497389 0.747882
0 0.459530 0.787530 0.466057 0.787530 0.477807 0.766181 0.477807 0.765164 0.477807 0.764148 0.471279 0.746865 0.459530 0.746865 0.442559 0.746865 0.442559 0.787530 0.459530 0.787530
0 0.313316 0.727550 0.297650 0.727550 0.276762 0.727550 0.276762 0.745849 0.274151 0.747882 0.266319 0.753982 0.265013 0.753982 0.265013 0.754998 0.265013 0.756015 0.265013 0.757032 0.265013 0.758048 0.268930 0.770247 0.274151 0.780413 0.265013 0.810912 0.297650 0.811928 0.332898 0.809895 0.322454 0.778380 0.325065 0.771264 0.334204 0.754998 0.334204 0.753982 0.334204 0.752965 0.334204 0.751948 0.334204 0.750932 0.332898 0.750932 0.319843 0.738733 0.317232 0.737716 0.317232 0.727550 0.313316 0.727550
0 0.776762 0.866825 0.781984 0.812945 0.781984 0.811928 0.781984 0.810912 0.781984 0.809895 0.779373 0.809895 0.776762 0.806845 0.767624 0.799729 0.767624 0.787530 0.775457 0.773297 0.781984 0.764148 0.781984 0.763131 0.781984 0.762115 0.781984 0.761098 0.781984 0.760081 0.775457 0.753982 0.767624 0.745849 0.775457 0.719417 0.781984 0.696035 0.781984 0.695019 0.781984 0.692985 0.774151 0.676720 0.770235 0.663504 0.774151 0.660454 0.778068 0.655371 0.779373 0.655371 0.779373 0.654354 0.779373 0.653338 0.779373 0.652321 0.779373 0.651305 0.774151 0.633006 0.771540 0.623856 0.774151 0.620807 0.781984 0.611657 0.781984 0.609624 0.781984 0.608607 0.783290 0.608607 0.783290 0.575059 0.781984 0.573026 0.781984 0.572009 0.781984 0.570993 0.779373 0.570993 0.772846 0.564893 0.771540 0.564893 0.772846 0.562860 0.781984 0.549644 0.781984 0.548628 0.781984 0.547611 0.781984 0.546594 0.772846 0.521179 0.781984 0.496781 0.781984 0.495764 0.781984 0.494748 0.781984 0.493731 0.771540 0.474415 0.767624 0.467299 0.771540 0.455100 0.781984 0.409353 0.781984 0.408336 0.781984 0.406303 0.781984 0.405286 0.779373 0.405286 0.770235 0.398170 0.770235 0.396137 0.770235 0.394104 0.776762 0.361572 0.776762 0.359539 0.776762 0.358523 0.770235 0.347340 0.767624 0.346323 0.770235 0.345307 0.781984 0.334124 0.781984 0.332091 0.781984 0.331074 0.783290 0.331074 0.783290 0.285327 0.781984 0.284310 0.781984 0.283294 0.781984 0.282277 0.779373 0.282277 0.767624 0.273128 0.766319 0.247713 0.742820 0.247713 0.711488 0.248729 0.719321 0.272111 0.711488 0.285327 0.711488 0.287360 0.711488 0.288377 0.711488 0.289393 0.711488 0.290410 0.719321 0.300576 0.711488 0.327008 0.711488 0.328024 0.711488 0.329041 0.711488 0.330058 0.711488 0.331074 0.711488 0.332091 0.719321 0.343273 0.719321 0.408336 0.712794 0.413419 0.711488 0.413419 0.711488 0.414436 0.711488 0.415452 0.711488 0.417486 0.711488 0.418502 0.711488 0.419519 0.718016 0.429685 0.712794 0.435784 0.711488 0.435784 0.711488 0.436801 0.711488 0.437818 0.711488 0.438834 0.711488 0.463233 0.711488 0.464249 0.711488 0.465266 0.712794 0.465266 0.719321 0.472382 0.712794 0.520163 0.711488 0.532362 0.711488 0.533379 0.711488 0.534395 0.711488 0.535412 0.712794 0.537445 0.719321 0.546594 0.712794 0.556760 0.711488 0.558794 0.711488 0.559810 0.711488 0.560827 0.711488 0.561843 0.712794 0.566926 0.719321 0.585225 0.712794 0.602508 0.712794 0.604541 0.712794 0.605557 0.712794 0.606574 0.712794 0.611657 0.719321 0.640122 0.714099 0.646222 0.711488 0.648255 0.711488 0.649271 0.711488 0.650288 0.711488 0.651305 0.711488 0.652321 0.711488 0.653338 0.714099 0.655371 0.719321 0.663504 0.714099 0.682819 0.711488 0.690952 0.711488 0.691969 0.711488 0.692985 0.711488 0.695019 0.714099 0.700102 0.721932 0.715351 0.721932 0.756015 0.714099 0.761098 0.712794 0.763131 0.711488 0.763131 0.711488 0.764148 0.711488 0.765164 0.711488 0.766181 0.711488 0.767198 0.711488 0.769231 0.714099 0.772281 0.721932 0.780413 0.721932 0.802779 0.714099 0.807862 0.712794 0.809895 0.711488 0.809895 0.711488 0.810912 0.711488 0.811928 0.711488 0.812945 0.711488 0.814978 0.714099 0.820061 0.719321 0.829210 0.715405 0.865808 0.742820 0.866825 0.776762 0.866825
0 0.656658 0.867841 0.682768 0.867841 0.682768 0.726533 0.691906 0.709251 0.691906 0.708234 0.691906 0.707218 0.682768 0.637072 0.691906 0.629956 0.693211 0.629956 0.693211 0.627923 0.693211 0.626906 0.693211 0.625890 0.693211 0.624873 0.682768 0.605557 0.693211 0.588275 0.693211 0.587259 0.693211 0.586242 0.684073 0.509997 0.693211 0.498814 0.693211 0.497797 0.693211 0.496781 0.693211 0.495764 0.693211 0.494748 0.686684 0.475432 0.691906 0.469332 0.693211 0.469332 0.693211 0.468316 0.693211 0.467299 0.693211 0.466283 0.693211 0.465266 0.686684 0.447984 0.693211 0.424602 0.693211 0.423585 0.693211 0.422569 0.693211 0.421552 0.682768 0.401220 0.690601 0.365639 0.690601 0.364622 0.690601 0.363606 0.682768 0.350390 0.691906 0.344290 0.693211 0.344290 0.693211 0.343273 0.693211 0.341240 0.694517 0.341240 0.694517 0.154185 0.693211 0.153168 0.693211 0.152152 0.693211 0.151135 0.691906 0.151135 0.682768 0.143002 0.693211 0.121654 0.693211 0.120637 0.693211 0.118604 0.693211 0.117587 0.682768 0.099288 0.691906 0.085056 0.691906 0.084039 0.691906 0.082006 0.681462 0.051508 0.656658 0.051508 0.634465 0.051508 0.625326 0.121654 0.625326 0.122670 0.633159 0.189766 0.622715 0.207048 0.622715 0.208065 0.622715 0.209082 0.622715 0.210098 0.622715 0.211115 0.633159 0.224331 0.625326 0.245679 0.625326 0.246696 0.625326 0.247713 0.633159 0.279227 0.625326 0.285327 0.625326 0.287360 0.625326 0.288377 0.625326 0.289393 0.625326 0.290410 0.625326 0.291427 0.627937 0.291427 0.633159 0.297526 0.634465 0.297526 0.634465 0.403253 0.633159 0.404270 0.622715 0.421552 0.622715 0.422569 0.622715 0.423585 0.622715 0.424602 0.633159 0.447984 0.633159 0.450017 0.633159 0.457133 0.625326 0.498814 0.625326 0.500847 0.625326 0.501864 0.625326 0.502880 0.631854 0.511013 0.625326 0.516096 0.624021 0.516096 0.624021 0.517113 0.624021 0.519146 0.624021 0.520163 0.631854 0.544561 0.631854 0.546594 0.631854 0.547611 0.622715 0.570993 0.622715 0.572009 0.622715 0.573026 0.622715 0.575059 0.630548 0.590308 0.622715 0.613690 0.622715 0.614707 0.622715 0.615723 0.622715 0.616740 0.622715 0.617757 0.624021 0.617757 0.631854 0.624873 0.633159 0.625890 0.631854 0.631989 0.622715 0.654354 0.622715 0.655371 0.622715 0.657404 0.622715 0.723484 0.622715 0.724500 0.622715 0.725517 0.624021 0.725517 0.630548 0.731616 0.633159 0.733650 0.630548 0.740766 0.622715 0.763131 0.622715 0.764148 0.622715 0.765164 0.624021 0.796679 0.624021 0.797696 0.624021 0.798712 0.625326 0.798712 0.630548 0.802779 0.631854 0.803795 0.630548 0.803795 0.625326 0.808878 0.624021 0.808878 0.624021 0.809895 0.624021 0.810912 0.624021 0.811928 0.624021 0.812945 0.624021 0.814978 0.630548 0.820061 0.633159 0.824127 0.630548 0.829210 0.624021 0.839376 0.624021 0.840393 0.624021 0.841410 0.630548 0.867841 0.656658 0.867841
0 0.479112 0.614707 0.456919 0.614707 0.446475 0.626906 0.446475 0.627923 0.446475 0.629956 0.446475 0.630973 0.446475 0.631989 0.455614 0.660454 0.446475 0.697052 0.446475 0.698068 0.446475 0.699085 0.446475 0.700102 0.447781 0.700102 0.455614 0.707218 0.446475 0.731616 0.446475 0.732633 0.446475 0.733650 0.446475 0.734666 0.446475 0.735683 0.459530 0.747882 0.462141 0.747882 0.462141 0.753982 0.462141 0.765164 0.462141 0.776347 0.479112 0.788546 0.479112 0.799729 0.479112 0.810912 0.479112 0.822094 0.479112 0.834293 0.479112 0.845476 0.479112 0.856659 0.479112 0.867841 0.480418 0.867841 0.509138 0.866825 0.513055 0.849543 0.513055 0.848526 0.513055 0.847509 0.513055 0.846493 0.506527 0.840393 0.498695 0.830227 0.505222 0.809895 0.509138 0.799729 0.509138 0.798712 0.509138 0.797696 0.509138 0.796679 0.509138 0.794646 0.506527 0.794646 0.503916 0.791596 0.494778 0.784480 0.494778 0.752965 0.494778 0.746865 0.501305 0.742799 0.511749 0.733650 0.513055 0.733650 0.513055 0.732633 0.513055 0.731616 0.513055 0.729583 0.513055 0.728567 0.505222 0.714334 0.513055 0.707218 0.514360 0.707218 0.514360 0.706201 0.514360 0.705185 0.514360 0.704168 0.506527 0.677736 0.514360 0.652321 0.514360 0.651305 0.514360 0.650288 0.510444 0.624873 0.510444 0.623856 0.510444 0.622840 0.509138 0.622840 0.497389 0.613690 0.479112 0.614707
0 0.477807 0.788546 0.477807 0.799729 0.477807 0.810912 0.477807 0.822094 0.477807 0.834293 0.477807 0.845476 0.477807 0.856659 0.477807 0.867841 0.480418 0.867841 0.509138 0.867841 0.513055 0.848526 0.513055 0.847509 0.513055 0.846493 0.505222 0.835310 0.501305 0.828194 0.503916 0.819044 0.510444 0.799729 0.510444 0.798712 0.510444 0.797696 0.510444 0.796679 0.510444 0.794646 0.503916 0.788546 0.500000 0.788546 0.500000 0.784480 0.480418 0.784480 0.477807 0.784480 0.477807 0.788546
0 0.407311 0.622840 0.386423 0.621823 0.375979 0.856659 0.403394 0.859709 0.424282 0.858692 0.419060 0.821078 0.424282 0.806845 0.426893 0.800746 0.426893 0.799729 0.426893 0.798712 0.426893 0.797696 0.424282 0.793629 0.419060 0.785496 0.422977 0.782447 0.424282 0.781430 0.426893 0.781430 0.426893 0.780413 0.426893 0.779397 0.426893 0.778380 0.422977 0.762115 0.420366 0.742799 0.422977 0.738733 0.428198 0.734666 0.428198 0.733650 0.428198 0.732633 0.428198 0.731616 0.428198 0.729583 0.422977 0.714334 0.420366 0.706201 0.421671 0.700102 0.429504 0.685869 0.429504 0.683836 0.429504 0.682819 0.420366 0.622840 0.407311 0.622840
0 0.361619 0.624873 0.340731 0.624873 0.328982 0.864792 0.361619 0.865808 0.386423 0.864792 0.375979 0.827177 0.385117 0.818028 0.385117 0.817011 0.385117 0.815995 0.385117 0.814978 0.385117 0.812945 0.385117 0.810912 0.375979 0.796679 0.383812 0.791596 0.385117 0.789563 0.386423 0.789563 0.386423 0.788546 0.386423 0.787530 0.386423 0.785496 0.385117 0.745849 0.385117 0.744832 0.385117 0.743816 0.383812 0.743816 0.381201 0.740766 0.375979 0.736699 0.379896 0.720434 0.386423 0.688919 0.386423 0.687902 0.386423 0.686886 0.386423 0.685869 0.385117 0.685869 0.377285 0.678753 0.375979 0.678753 0.375979 0.654354 0.375979 0.653338 0.386423 0.642155 0.386423 0.641139 0.386423 0.640122 0.386423 0.639105 0.386423 0.637072 0.386423 0.636056 0.375979 0.624873 0.361619 0.624873
0 0.310705 0.819044 0.292428 0.820061 0.293734 0.861742 0.317232 0.859709 0.335509 0.856659 0.328982 0.817011 0.310705 0.819044
0 0.272846 0.861742 0.300261 0.859709 0.291123 0.819044 0.272846 0.819044 0.254569 0.819044 0.254569 0.861742 0.272846 0.861742
