0 0.507260 0.052297 0.493224 0.052297 0.492256 0.067491 0.485963 0.074912 0.477735 0.084099 0.477735 0.084806 0.477735 0.085512 0.477735 0.086219 0.478703 0.098587 0.509681 0.098587 0.525169 0.097527 0.529042 0.079505 0.529042 0.078799 0.518877 0.051590 0.507260 0.052297
0 0.455954 0.052297 0.446273 0.052297 0.438045 0.066078 0.438045 0.066784 0.438045 0.067491 0.438045 0.082332 0.438045 0.082686 0.449661 0.098587 0.458858 0.098587 0.469022 0.097527 0.479671 0.066078 0.479671 0.065724 0.479671 0.065018 0.479671 0.064311 0.468054 0.051590 0.455954 0.052297
0 0.302517 0.061484 0.279768 0.061484 0.279768 0.083392 0.302517 0.084099 0.331559 0.083392 0.329622 0.061484 0.302517 0.061484
0 0.076960 0.028975 0.072604 0.028975 0.074540 0.052297 0.066796 0.060424 0.055179 0.072085 0.055179 0.072792 0.055179 0.073498 0.055179 0.074205 0.055179 0.074912 0.061471 0.092226 0.084221 0.091519 0.117135 0.088693 0.117135 0.074205 0.116167 0.073498 0.116167 0.072792 0.116167 0.072085 0.109874 0.066078 0.093417 0.049117 0.096805 0.027562 0.076960 0.028975
0 0.285092 0.095406 0.265247 0.095406 0.265247 0.105300 0.263311 0.106007 0.247822 0.119435 0.246854 0.119435 0.246854 0.120141 0.246854 0.120848 0.246854 0.121201 0.246854 0.130035 0.246854 0.130742 0.246854 0.131449 0.247822 0.131449 0.256050 0.137102 0.286060 0.137102 0.314134 0.135336 0.314134 0.128622 0.316070 0.126148 0.324298 0.119435 0.324298 0.118728 0.324298 0.118021 0.324298 0.117314 0.322362 0.093993 0.285092 0.095406
0 0.176186 0.041696 0.165053 0.041696 0.165053 0.054770 0.161665 0.059011 0.150532 0.071378 0.150532 0.072085 0.150532 0.072792 0.150532 0.073498 0.150532 0.074205 0.157793 0.083392 0.165053 0.092933 0.154405 0.104594 0.150532 0.108127 0.150532 0.108834 0.150532 0.109541 0.150532 0.109894 0.151500 0.121908 0.180542 0.121201 0.208616 0.120141 0.215392 0.105300 0.215392 0.104594 0.215392 0.104240 0.215392 0.103534 0.207164 0.092226 0.205227 0.089399 0.207164 0.087633 0.214424 0.080919 0.214424 0.080212 0.214424 0.079505 0.214424 0.078799 0.211520 0.066078 0.211520 0.065724 0.211520 0.065018 0.210552 0.065018 0.205227 0.060424 0.203291 0.059011 0.203291 0.040283 0.176186 0.041696
0 0.055179 0.094700 0.022265 0.093286 0.019845 0.161131 0.050823 0.163251 0.085189 0.162544 0.075024 0.144523 0.075024 0.132509 0.081801 0.128622 0.087125 0.124735 0.088093 0.124735 0.088093 0.124028 0.088093 0.123322 0.088093 0.122615 0.077928 0.095406 0.055179 0.094700
0 0.114230 0.192226 0.115198 0.181272 0.127783 0.169258 0.127783 0.168551 0.127783 0.167845 0.127783 0.167138 0.127783 0.166431 0.117135 0.135336 0.127783 0.126502 0.128751 0.126502 0.128751 0.126148 0.128751 0.125442 0.128751 0.124735 0.128751 0.124028 0.122459 0.112721 0.126331 0.104240 0.126331 0.103534 0.126331 0.102827 0.126331 0.102120 0.126331 0.101413 0.118103 0.094700 0.097773 0.094700 0.089545 0.093993 0.081801 0.108127 0.081801 0.108834 0.081801 0.109541 0.081801 0.125442 0.081801 0.126148 0.081801 0.126502 0.082285 0.126502 0.088093 0.130742 0.089545 0.132509 0.087125 0.142049 0.080833 0.161837 0.080833 0.162544 0.080833 0.163251 0.083253 0.171731 0.089061 0.183746 0.082285 0.189753 0.096321 0.192226 0.114230 0.192226
0 0.476283 0.093286 0.451597 0.093286 0.451597 0.109894 0.451597 0.110601 0.443369 0.121201 0.443369 0.121908 0.443369 0.122615 0.443369 0.123322 0.443369 0.124028 0.451597 0.130742 0.453533 0.131802 0.453533 0.138516 0.451597 0.139223 0.441433 0.148410 0.441433 0.149117 0.441433 0.149823 0.441433 0.150530 0.441433 0.151237 0.445305 0.158657 0.439981 0.166431 0.439981 0.167138 0.439981 0.167845 0.439981 0.168551 0.439981 0.169258 0.440465 0.169258 0.446273 0.173852 0.439981 0.208481 0.439981 0.208834 0.440465 0.226148 0.440465 0.226855 0.440465 0.227562 0.441433 0.227562 0.452565 0.235689 0.442401 0.244876 0.442401 0.245583 0.442401 0.246290 0.442401 0.246996 0.442401 0.247350 0.442401 0.248057 0.443369 0.248057 0.452565 0.255477 0.482575 0.255477 0.515005 0.254064 0.519845 0.240283 0.519845 0.239576 0.514521 0.219435 0.514521 0.219081 0.524201 0.207774 0.524201 0.207067 0.524201 0.206360 0.524201 0.205654 0.521781 0.173852 0.521781 0.173145 0.521781 0.172438 0.512585 0.162544 0.521781 0.149117 0.521781 0.148410 0.521781 0.148057 0.521781 0.147350 0.521781 0.146643 0.515973 0.140636 0.519845 0.121908 0.519845 0.121201 0.519845 0.120848 0.519845 0.120141 0.509681 0.111307 0.509681 0.110601 0.509681 0.092226 0.476283 0.093286
0 0.307841 0.139929 0.285092 0.139223 0.274443 0.150530 0.274443 0.151237 0.274443 0.151943 0.273475 0.192226 0.273475 0.192933 0.273475 0.193640 0.273475 0.194346 0.282672 0.204947 0.286060 0.209541 0.278800 0.251590 0.306873 0.252650 0.329622 0.251590 0.321394 0.219081 0.321394 0.208481 0.326234 0.201767 0.329622 0.198233 0.329622 0.197527 0.329622 0.197173 0.329622 0.196466 0.329622 0.195760 0.325266 0.187633 0.321394 0.181272 0.324298 0.173852 0.327202 0.166431 0.327202 0.165724 0.327202 0.165018 0.327202 0.164664 0.327202 0.163958 0.323330 0.161131 0.321394 0.159717 0.323330 0.158657 0.329622 0.151237 0.329622 0.150530 0.329622 0.149823 0.329622 0.149117 0.329622 0.148410 0.329622 0.148057 0.322362 0.139929 0.307841 0.139929
0 0.251694 0.137809 0.221684 0.137809 0.222652 0.247350 0.254114 0.247350 0.285092 0.244170 0.275411 0.232862 0.275411 0.224382 0.281704 0.215548 0.285092 0.211661 0.285092 0.210954 0.285092 0.210247 0.285092 0.209541 0.277832 0.187633 0.273475 0.173145 0.275895 0.169258 0.283156 0.158657 0.283156 0.157951 0.283156 0.157244 0.283156 0.156537 0.272507 0.137102 0.251694 0.137809
0 0.152469 0.248057 0.181510 0.247350 0.180542 0.214134 0.186834 0.195760 0.193611 0.179859 0.193611 0.179152 0.193611 0.178445 0.193611 0.177739 0.193611 0.177032 0.189739 0.173852 0.180542 0.165018 0.191675 0.150530 0.193611 0.148410 0.193611 0.148057 0.194095 0.148057 0.194095 0.132509 0.152469 0.132509 0.121491 0.132509 0.122459 0.248057 0.152469 0.248057
0 0.771539 0.009894 0.717812 0.009894 0.711520 0.022968 0.711520 0.023675 0.711520 0.024382 0.711520 0.061484 0.711520 0.062191 0.719748 0.084099 0.721684 0.086926 0.721684 0.173852 0.720716 0.174558 0.715392 0.186572 0.715392 0.186926 0.715392 0.187633 0.719748 0.211661 0.714424 0.216961 0.714424 0.217668 0.714424 0.218375 0.714424 0.219081 0.720716 0.244876 0.715392 0.268905 0.715392 0.269258 0.715392 0.269965 0.720716 0.278092 0.775895 0.278092 0.809777 0.275972 0.809777 0.255477 0.809777 0.254770 0.824298 0.230389 0.824298 0.229682 0.824298 0.228975 0.824298 0.228269 0.824298 0.227562 0.823330 0.227562 0.810745 0.216961 0.825266 0.204947 0.825266 0.204240 0.825266 0.203534 0.826234 0.203534 0.826234 0.189046 0.825266 0.188339 0.825266 0.187633 0.825266 0.186926 0.824298 0.186926 0.810745 0.176325 0.822362 0.166431 0.823330 0.166431 0.823330 0.165724 0.823330 0.165018 0.823330 0.164664 0.823330 0.163958 0.812682 0.131802 0.823330 0.115901 0.823330 0.115194 0.823330 0.114841 0.823330 0.114134 0.817038 0.099293 0.822362 0.091519 0.822362 0.090813 0.822362 0.090106 0.822362 0.089399 0.822362 0.088693 0.821394 0.088693 0.807841 0.078799 0.822362 0.051590 0.822362 0.050883 0.822362 0.050177 0.822362 0.049470 0.822362 0.049117 0.821394 0.049117 0.809777 0.039576 0.815102 0.033569 0.815102 0.032862 0.815102 0.032509 0.815102 0.031802 0.815102 0.031095 0.815102 0.030389 0.814134 0.030389 0.805905 0.022968 0.805905 0.009187 0.771539 0.009894
0 0.678122 0.042403 0.653437 0.042403 0.649080 0.046290 0.648112 0.046290 0.648112 0.046996 0.648112 0.047703 0.648112 0.048410 0.648112 0.049117 0.648112 0.049470 0.656341 0.058304 0.649080 0.065018 0.649080 0.065724 0.649080 0.066078 0.648112 0.080212 0.648112 0.080919 0.648112 0.081625 0.648112 0.082332 0.657793 0.093993 0.662633 0.099293 0.657793 0.103534 0.649080 0.112721 0.649080 0.113428 0.649080 0.114134 0.649080 0.114841 0.649080 0.115194 0.649080 0.115901 0.659729 0.127915 0.662633 0.131802 0.659729 0.136749 0.649080 0.154417 0.649080 0.155124 0.649080 0.155830 0.649564 0.171731 0.649564 0.172438 0.649564 0.173145 0.661665 0.182332 0.661665 0.183039 0.649564 0.215548 0.649564 0.216254 0.649564 0.216961 0.649564 0.217668 0.649564 0.218375 0.650532 0.218375 0.660697 0.226148 0.651500 0.232862 0.650532 0.232862 0.650532 0.233569 0.650532 0.234276 0.650532 0.234982 0.650532 0.246290 0.650532 0.246996 0.650532 0.247350 0.651500 0.247350 0.664085 0.256890 0.666021 0.257597 0.666021 0.280565 0.681510 0.281272 0.706196 0.280212 0.706196 0.251590 0.707164 0.250177 0.719748 0.240283 0.720716 0.240283 0.720716 0.239576 0.720716 0.238869 0.720716 0.238163 0.720716 0.237456 0.720716 0.236749 0.708616 0.226855 0.723621 0.214841 0.724105 0.214841 0.724105 0.214134 0.724105 0.213781 0.724105 0.213074 0.724105 0.212367 0.724105 0.211661 0.710552 0.195053 0.707164 0.190459 0.707164 0.179859 0.711520 0.175618 0.721684 0.167845 0.722652 0.167845 0.722652 0.167138 0.722652 0.166431 0.722652 0.165724 0.722652 0.165018 0.713456 0.145936 0.708132 0.135336 0.714424 0.131449 0.722652 0.124028 0.723621 0.124028 0.723621 0.123322 0.723621 0.122615 0.724105 0.122615 0.724105 0.106007 0.723621 0.105300 0.723621 0.104594 0.723621 0.104240 0.722652 0.104240 0.716360 0.098587 0.708616 0.094700 0.716844 0.082332 0.722652 0.072085 0.722652 0.071378 0.722652 0.071025 0.722652 0.070318 0.717812 0.060424 0.713456 0.050883 0.717812 0.041696 0.678122 0.042403
0 0.195063 0.303180 0.225073 0.303180 0.228945 0.277385 0.228945 0.276678 0.228945 0.275972 0.225073 0.265371 0.221684 0.255477 0.225073 0.252650 0.227009 0.250883 0.227977 0.250883 0.227977 0.250177 0.227977 0.249470 0.229913 0.232862 0.229913 0.232155 0.229913 0.231449 0.229913 0.230742 0.228945 0.230742 0.225073 0.227562 0.222652 0.225442 0.222652 0.216961 0.224105 0.214841 0.227977 0.211661 0.228945 0.211661 0.228945 0.210954 0.228945 0.210247 0.230881 0.183039 0.230881 0.182332 0.230881 0.181625 0.230881 0.181272 0.229913 0.181272 0.224105 0.176325 0.223621 0.175618 0.224105 0.171731 0.228945 0.150530 0.228945 0.149823 0.223621 0.130742 0.197967 0.130742 0.190707 0.130035 0.183446 0.151237 0.183446 0.151943 0.183446 0.152650 0.189739 0.179152 0.181510 0.203180 0.181510 0.203534 0.181510 0.204240 0.181510 0.204947 0.188771 0.222968 0.182478 0.228269 0.181510 0.228269 0.181510 0.228975 0.181510 0.229682 0.180542 0.245583 0.180542 0.246290 0.180542 0.246996 0.180542 0.247350 0.187803 0.255477 0.180542 0.279505 0.180542 0.280212 0.180542 0.280565 0.187803 0.302473 0.195063 0.303180
0 0.194095 0.300707 0.180542 0.301413 0.176186 0.301413 0.179090 0.343110 0.183446 0.343816 0.218780 0.339929 0.216360 0.337102 0.216844 0.336396 0.223621 0.325795 0.223621 0.325088 0.223621 0.324382 0.223621 0.324028 0.223621 0.323322 0.222652 0.323322 0.204259 0.310601 0.199903 0.307774 0.198935 0.300707 0.194095 0.300707
0 0.281704 0.255477 0.263311 0.255477 0.263311 0.274558 0.260891 0.276678 0.249758 0.285512 0.248790 0.285512 0.248790 0.285866 0.248790 0.286572 0.248790 0.287279 0.248790 0.296113 0.248790 0.296466 0.248790 0.297173 0.249758 0.297173 0.257018 0.303180 0.250726 0.319788 0.250726 0.320495 0.250726 0.321201 0.250726 0.321908 0.250726 0.322615 0.256050 0.327208 0.265247 0.334629 0.265247 0.339223 0.254114 0.346290 0.250726 0.349823 0.249758 0.349823 0.249758 0.350530 0.249758 0.351237 0.249758 0.351590 0.252662 0.373498 0.283156 0.374205 0.313166 0.373145 0.319942 0.346996 0.319942 0.346290 0.319942 0.345936 0.319942 0.345230 0.318974 0.345230 0.313166 0.340636 0.309777 0.338516 0.309777 0.302120 0.313166 0.299293 0.318006 0.295406 0.318974 0.295406 0.318974 0.294700 0.318974 0.293993 0.318974 0.293286 0.312682 0.274558 0.310745 0.268198 0.312682 0.266078 0.315102 0.263958 0.316070 0.263958 0.316070 0.263604 0.316070 0.262898 0.316070 0.262191 0.316070 0.261484 0.312682 0.254770 0.281704 0.255477
0 0.152469 0.341696 0.121491 0.340636 0.120523 0.410954 0.148112 0.412721 0.183446 0.412014 0.172314 0.392226 0.172314 0.378445 0.182478 0.372438 0.184414 0.371731 0.184414 0.371025 0.185382 0.371025 0.185382 0.370318 0.185382 0.369611 0.185382 0.368905 0.181510 0.342403 0.152469 0.341696
0 0.095353 0.190459 0.095353 0.183746 0.078896 0.184452 0.066796 0.184452 0.066796 0.217668 0.064376 0.220141 0.048887 0.232862 0.047919 0.232862 0.047919 0.233569 0.047919 0.234276 0.047919 0.234982 0.047919 0.235689 0.047919 0.236042 0.048887 0.236042 0.062439 0.247350 0.067764 0.251590 0.062439 0.257951 0.059051 0.262191 0.059051 0.262898 0.059051 0.263604 0.059051 0.263958 0.059051 0.264664 0.059051 0.265371 0.061471 0.268198 0.063408 0.270671 0.061471 0.272792 0.048887 0.282686 0.047919 0.282686 0.047919 0.283392 0.047919 0.284099 0.047919 0.284806 0.047919 0.285512 0.047919 0.285866 0.058083 0.297880 0.050823 0.314488 0.050823 0.315194 0.050823 0.315901 0.050823 0.316608 0.050823 0.317314 0.059051 0.323322 0.068732 0.332509 0.057115 0.342403 0.049855 0.349117 0.049855 0.349823 0.049855 0.350530 0.049855 0.351237 0.049855 0.362544 0.049855 0.362898 0.049855 0.363604 0.050823 0.363604 0.056147 0.367845 0.067764 0.376325 0.055179 0.386219 0.051791 0.389753 0.050823 0.389753 0.050823 0.390106 0.050823 0.390813 0.050823 0.391519 0.053243 0.418021 0.084221 0.418021 0.107938 0.417314 0.118103 0.392226 0.118103 0.391519 0.118103 0.390813 0.118103 0.390106 0.118103 0.389753 0.117135 0.389753 0.106002 0.381625 0.102614 0.378799 0.102614 0.368198 0.106002 0.365724 0.116167 0.357597 0.117135 0.357597 0.117135 0.356890 0.117135 0.356537 0.118103 0.356537 0.118103 0.349117 0.117135 0.348410 0.117135 0.347703 0.117135 0.346996 0.116167 0.346996 0.104066 0.338516 0.101646 0.336396 0.101646 0.325795 0.103582 0.323322 0.112294 0.314488 0.112294 0.313781 0.112294 0.313074 0.112294 0.312721 0.112294 0.312014 0.106002 0.297880 0.114230 0.291166 0.115198 0.291166 0.115198 0.290813 0.115198 0.290106 0.116167 0.290106 0.116167 0.280212 0.115198 0.279505 0.115198 0.278799 0.115198 0.278092 0.114230 0.278092 0.102614 0.268905 0.105034 0.262898 0.105034 0.262191 0.105034 0.261484 0.105034 0.260777 0.100678 0.251590 0.099710 0.250883 0.113262 0.240989 0.114230 0.240989 0.114230 0.240283 0.114230 0.239576 0.115198 0.239576 0.115198 0.226855 0.114230 0.226148 0.114230 0.225442 0.114230 0.225088 0.113262 0.225088 0.098742 0.213781 0.098742 0.200353 0.105034 0.193640 0.105034 0.192933 0.105034 0.192226 0.105034 0.191873 0.105034 0.191166 0.095353 0.190459
0 0.228945 0.450530 0.228945 0.436749 0.227977 0.436042 0.227977 0.435336 0.227977 0.434629 0.227009 0.434629 0.227009 0.433922 0.217812 0.426855 0.217812 0.420141 0.225073 0.414841 0.227009 0.413428 0.227977 0.413428 0.227977 0.412721 0.227977 0.412014 0.227977 0.411661 0.223621 0.396113 0.218780 0.379505 0.221684 0.371025 0.227977 0.352297 0.227977 0.351590 0.227977 0.351237 0.227977 0.350530 0.227977 0.349823 0.220716 0.341696 0.195063 0.341696 0.187803 0.340989 0.180542 0.355830 0.180542 0.356537 0.180542 0.356890 0.185382 0.380212 0.187803 0.391519 0.184414 0.395053 0.179090 0.399647 0.178122 0.399647 0.178122 0.400353 0.178122 0.401060 0.178122 0.401413 0.178122 0.416961 0.178122 0.417314 0.178122 0.418021 0.179090 0.418021 0.181510 0.420141 0.186834 0.424028 0.179574 0.432862 0.178122 0.436042 0.178122 0.436749 0.178122 0.437456 0.179090 0.450177 0.193611 0.450530 0.228945 0.450530
0 0.579864 0.488693 0.569700 0.488693 0.569700 0.505654 0.568732 0.506360 0.551791 0.521201 0.551791 0.521908 0.551791 0.522261 0.551791 0.522968 0.551791 0.523675 0.557115 0.537102 0.551791 0.547703 0.551791 0.548410 0.551791 0.549117 0.551791 0.549470 0.551791 0.550177 0.552275 0.550177 0.563408 0.558304 0.580833 0.558304 0.606970 0.557597 0.619071 0.549117 0.619555 0.549117 0.619555 0.548410 0.619555 0.547703 0.620523 0.547703 0.620523 0.537809 0.619555 0.537102 0.619555 0.536396 0.619555 0.535689 0.619071 0.535689 0.609874 0.528269 0.614230 0.517668 0.614230 0.516961 0.614230 0.516254 0.614230 0.515901 0.614230 0.515194 0.613262 0.515194 0.599710 0.505300 0.597773 0.503180 0.597773 0.487986 0.579864 0.488693
0 0.296225 0.373498 0.283156 0.373498 0.283156 0.391519 0.282672 0.391519 0.273475 0.408127 0.273475 0.408834 0.273475 0.409541 0.273475 0.418021 0.273475 0.418728 0.273475 0.419435 0.274443 0.419435 0.282672 0.425442 0.283156 0.426148 0.282672 0.427562 0.275411 0.436749 0.275411 0.437456 0.275411 0.438163 0.274443 0.455477 0.274443 0.455830 0.274443 0.466078 0.274443 0.466784 0.274443 0.467138 0.275411 0.467138 0.280736 0.471378 0.275895 0.475265 0.275411 0.475265 0.275411 0.475972 0.275411 0.476678 0.275411 0.477385 0.275411 0.477739 0.282672 0.487986 0.282672 0.488693 0.282672 0.489046 0.277832 0.500000 0.277832 0.500353 0.277832 0.501060 0.277832 0.501767 0.277832 0.502473 0.278800 0.502473 0.282672 0.505300 0.285092 0.507774 0.282672 0.511661 0.276864 0.517668 0.276864 0.518375 0.276864 0.519081 0.276864 0.519788 0.282672 0.538163 0.302517 0.538163 0.327202 0.536396 0.321394 0.503887 0.325266 0.496466 0.327202 0.491873 0.327202 0.491166 0.327202 0.490459 0.327202 0.489753 0.327202 0.489046 0.326234 0.489046 0.324298 0.487279 0.320426 0.485159 0.323330 0.479859 0.324298 0.478445 0.324298 0.477739 0.324298 0.477385 0.324298 0.476678 0.323330 0.473852 0.319942 0.466078 0.322362 0.463251 0.328170 0.457951 0.328170 0.457244 0.328170 0.456537 0.328170 0.455830 0.320426 0.432862 0.326234 0.428269 0.327202 0.428269 0.327202 0.427562 0.327202 0.426855 0.327202 0.426148 0.327202 0.425442 0.321394 0.412721 0.326234 0.404240 0.326234 0.403534 0.326234 0.402827 0.316070 0.373145 0.296225 0.373498
0 0.254114 0.537102 0.278800 0.537102 0.285092 0.531095 0.285092 0.530389 0.285092 0.529682 0.286060 0.529682 0.286060 0.513781 0.285092 0.513074 0.285092 0.512367 0.285092 0.511661 0.284124 0.511661 0.278800 0.506360 0.285092 0.485159 0.285092 0.484452 0.285092 0.483746 0.285092 0.483392 0.275895 0.475265 0.275411 0.473145 0.275411 0.462544 0.275895 0.461484 0.284124 0.454770 0.284124 0.454064 0.284124 0.453357 0.284124 0.452650 0.284124 0.451943 0.277832 0.442049 0.285092 0.436042 0.285092 0.435336 0.285092 0.434629 0.285092 0.433922 0.285092 0.433569 0.285092 0.432862 0.284124 0.432862 0.275411 0.426148 0.275411 0.425442 0.275411 0.424735 0.282672 0.406360 0.282672 0.405654 0.282672 0.404947 0.282672 0.404240 0.282672 0.403534 0.275411 0.397527 0.274443 0.381625 0.254114 0.381625 0.222652 0.381625 0.223621 0.407420 0.221684 0.411661 0.216844 0.421555 0.216844 0.422261 0.216844 0.422968 0.216844 0.423322 0.221684 0.434629 0.221684 0.435336 0.221684 0.436749 0.216844 0.461837 0.216844 0.462544 0.216844 0.463251 0.221684 0.472438 0.225073 0.479152 0.225073 0.488693 0.221684 0.491166 0.217812 0.494346 0.216844 0.494346 0.216844 0.495053 0.216844 0.495760 0.216844 0.496466 0.221684 0.537102 0.254114 0.537102
0 0.302517 0.616608 0.320426 0.616608 0.328170 0.600000 0.328170 0.599293 0.328170 0.598587 0.328170 0.598233 0.328170 0.597527 0.327202 0.597527 0.317038 0.590106 0.316070 0.588693 0.316070 0.577385 0.302517 0.577385 0.266215 0.577385 0.266215 0.586219 0.266215 0.586926 0.266215 0.587633 0.267183 0.587633 0.273475 0.592226 0.283156 0.599293 0.285092 0.616608 0.302517 0.616608
0 0.254114 0.580919 0.220716 0.578092 0.219748 0.614134 0.249758 0.616608 0.275411 0.618021 0.283156 0.606714 0.283156 0.606007 0.283156 0.605300 0.283156 0.604594 0.283156 0.604240 0.270571 0.591519 0.268151 0.588693 0.268151 0.581625 0.254114 0.580919
0 0.275895 0.623322 0.265247 0.623322 0.259923 0.635336 0.259923 0.636042 0.259923 0.636749 0.259923 0.637102 0.259923 0.637809 0.260891 0.638516 0.263311 0.641343 0.257018 0.645936 0.248790 0.653357 0.248790 0.653710 0.248790 0.654417 0.248790 0.655124 0.250726 0.664664 0.280736 0.663251 0.316070 0.659011 0.298161 0.621201 0.275895 0.623322
0 0.580833 0.575618 0.564376 0.575618 0.564376 0.592226 0.551791 0.610601 0.551791 0.611307 0.551791 0.612014 0.553243 0.623322 0.553243 0.624028 0.553243 0.624735 0.554211 0.624735 0.561471 0.630742 0.549855 0.656537 0.549855 0.657244 0.549855 0.657951 0.549855 0.665018 0.549855 0.665724 0.549855 0.666431 0.550823 0.666431 0.559535 0.673852 0.549855 0.683039 0.549855 0.683746 0.549855 0.684452 0.549855 0.685159 0.549855 0.707774 0.549855 0.708481 0.549855 0.708834 0.550823 0.708834 0.563408 0.718375 0.582285 0.718375 0.607938 0.717668 0.619071 0.709541 0.619555 0.709541 0.619555 0.708834 0.619555 0.708481 0.620523 0.708481 0.620523 0.692933 0.619555 0.692226 0.619555 0.691873 0.619555 0.691166 0.619071 0.691166 0.608906 0.683746 0.607938 0.673145 0.618103 0.663958 0.618103 0.663251 0.618103 0.662544 0.619555 0.650530 0.619555 0.649823 0.619555 0.649117 0.619555 0.648410 0.619071 0.648410 0.606002 0.639223 0.605034 0.638516 0.606002 0.637102 0.611810 0.629329 0.611810 0.628622 0.614230 0.598233 0.614230 0.597527 0.614230 0.596820 0.614230 0.596113 0.604066 0.587986 0.604066 0.587633 0.604066 0.574912 0.580833 0.575618
0 0.199903 0.696466 0.206196 0.695053 0.216360 0.688339 0.216844 0.688339 0.216844 0.687633 0.216844 0.686926 0.216844 0.686572 0.216844 0.685866 0.216844 0.685159 0.199903 0.670318 0.199903 0.669258 0.199903 0.661837 0.216360 0.649117 0.216844 0.649117 0.216844 0.648410 0.216844 0.648057 0.217812 0.648057 0.217812 0.642049 0.216844 0.641343 0.216844 0.640636 0.216844 0.639929 0.216360 0.639929 0.198935 0.627915 0.212488 0.606714 0.212488 0.606007 0.212488 0.605300 0.212488 0.604594 0.212488 0.604240 0.197967 0.589399 0.197967 0.584806 0.197967 0.580212 0.214424 0.567491 0.215392 0.567491 0.215392 0.566784 0.215392 0.566078 0.215392 0.565724 0.215392 0.565018 0.215392 0.564311 0.203291 0.550177 0.213456 0.542403 0.214424 0.542403 0.214424 0.541696 0.214424 0.540989 0.215392 0.540989 0.215392 0.527208 0.214424 0.526502 0.213456 0.516961 0.213456 0.516254 0.213456 0.515901 0.212488 0.515901 0.196031 0.503180 0.202323 0.472085 0.202323 0.471378 0.202323 0.470671 0.194095 0.457244 0.174250 0.457951 0.156825 0.457951 0.145208 0.525795 0.145208 0.526502 0.145208 0.527208 0.145208 0.527562 0.157793 0.540989 0.159729 0.542403 0.157793 0.543816 0.146176 0.556890 0.146176 0.557597 0.146176 0.558304 0.146176 0.559011 0.147144 0.567491 0.147144 0.568198 0.147144 0.568905 0.148112 0.568905 0.158761 0.576678 0.161665 0.578799 0.161665 0.591519 0.158761 0.595406 0.149080 0.612014 0.149080 0.612721 0.149080 0.613428 0.149080 0.614134 0.149080 0.614841 0.158761 0.626502 0.162633 0.630035 0.158761 0.632509 0.149080 0.641343 0.149080 0.642049 0.149080 0.642756 0.149080 0.643110 0.149080 0.651943 0.149080 0.652650 0.149080 0.653357 0.158761 0.661837 0.164085 0.665724 0.164085 0.670318 0.159729 0.673852 0.150532 0.680565 0.149564 0.680565 0.149564 0.681272 0.149564 0.681625 0.149564 0.682332 0.149564 0.693640 0.149564 0.694346 0.149564 0.695053 0.150532 0.695053 0.157793 0.699647 0.180542 0.699647 0.199903 0.698940 0.199903 0.696466
0 0.582285 0.736749 0.565344 0.736749 0.565344 0.744170 0.545983 0.758657 0.545015 0.758657 0.545015 0.759364 0.545015 0.760071 0.545015 0.760777 0.545015 0.766784 0.545983 0.780212 0.545983 0.780565 0.545983 0.781272 0.546951 0.781272 0.566312 0.797173 0.584221 0.797173 0.606002 0.796466 0.619071 0.772085 0.619071 0.771378 0.619071 0.770671 0.616167 0.750883 0.616167 0.750177 0.616167 0.749470 0.615198 0.749470 0.605034 0.741696 0.605034 0.736042 0.582285 0.736749
0 0.251694 0.666431 0.221684 0.665018 0.221684 0.777385 0.246854 0.778799 0.279768 0.777385 0.270571 0.757951 0.278800 0.738163 0.281704 0.732155 0.281704 0.731449 0.281704 0.730742 0.281704 0.730389 0.278800 0.723675 0.274443 0.714134 0.278800 0.710954 0.281704 0.708481 0.282672 0.708481 0.282672 0.707774 0.282672 0.707067 0.282672 0.706360 0.282672 0.705654 0.277832 0.696466 0.274443 0.687633 0.275895 0.666431 0.251694 0.666431
0 0.152469 0.783392 0.179574 0.783392 0.179574 0.772085 0.179090 0.771378 0.179090 0.770671 0.179090 0.769965 0.177154 0.768905 0.166989 0.757597 0.166989 0.744876 0.172314 0.740989 0.177154 0.736749 0.178122 0.736749 0.178122 0.736042 0.178122 0.735689 0.179090 0.735689 0.179090 0.719435 0.178122 0.719081 0.178122 0.718375 0.166989 0.702473 0.152469 0.702473 0.122459 0.702473 0.124395 0.783392 0.152469 0.783392
0 0.296225 0.665724 0.283156 0.665724 0.275895 0.691873 0.275895 0.692226 0.275895 0.692933 0.281704 0.707067 0.283156 0.711661 0.281704 0.713074 0.275411 0.718375 0.275411 0.719081 0.275411 0.719435 0.275411 0.720141 0.275411 0.744170 0.275411 0.744876 0.275411 0.745583 0.275895 0.745583 0.279768 0.748057 0.283156 0.751590 0.277832 0.772792 0.275411 0.785866 0.275411 0.786572 0.275411 0.787279 0.275411 0.787986 0.276864 0.790106 0.283156 0.797880 0.275895 0.815901 0.296225 0.817314 0.328170 0.816608 0.321394 0.794700 0.327202 0.788693 0.328170 0.787986 0.328170 0.787279 0.328170 0.786572 0.328170 0.785866 0.328170 0.785512 0.327202 0.783392 0.321394 0.774558 0.321394 0.748057 0.325266 0.742756 0.328170 0.737456 0.328170 0.736749 0.328170 0.736042 0.323330 0.722261 0.321394 0.714841 0.323330 0.711661 0.328170 0.703180 0.328170 0.702473 0.328170 0.701767 0.328170 0.701060 0.328170 0.700353 0.327202 0.700353 0.322362 0.697173 0.326234 0.689753 0.326234 0.689046 0.326234 0.688339 0.320426 0.665724 0.296225 0.665724
0 0.200871 0.692933 0.189739 0.692933 0.189739 0.707067 0.179090 0.714841 0.178122 0.714841 0.178122 0.715548 0.178122 0.716254 0.177154 0.736749 0.177154 0.737456 0.177154 0.738163 0.177154 0.738869 0.188771 0.751590 0.177154 0.760777 0.176186 0.760777 0.176186 0.761484 0.176186 0.762191 0.176186 0.762898 0.176186 0.783392 0.176186 0.784099 0.176186 0.784806 0.177154 0.784806 0.189739 0.793993 0.178122 0.803180 0.177154 0.803180 0.177154 0.803887 0.177154 0.804594 0.177154 0.805300 0.177154 0.815194 0.177154 0.815901 0.177154 0.816608 0.190707 0.831095 0.203291 0.831095 0.216844 0.830389 0.228945 0.807774 0.228945 0.807420 0.228945 0.806714 0.228945 0.806007 0.228945 0.805300 0.217812 0.795406 0.227977 0.776678 0.227977 0.775972 0.227977 0.775265 0.227977 0.774558 0.218780 0.750883 0.227977 0.740283 0.227977 0.739576 0.227977 0.738869 0.227977 0.738163 0.226041 0.713074 0.226041 0.712367 0.226041 0.711661 0.225073 0.711661 0.215392 0.704240 0.214424 0.692226 0.200871 0.692933
0 0.501452 0.868905 0.543562 0.868905 0.547919 0.255477 0.501452 0.255477 0.489835 0.255477 0.489835 0.274558 0.478703 0.284806 0.478703 0.285512 0.478703 0.285866 0.478703 0.286572 0.478703 0.287279 0.489835 0.301413 0.489835 0.302120 0.478703 0.319081 0.478703 0.319788 0.478703 0.320495 0.478703 0.321201 0.488867 0.341696 0.490803 0.343816 0.490803 0.350530 0.488867 0.351237 0.479671 0.358304 0.478703 0.358304 0.478703 0.359011 0.478703 0.359717 0.478703 0.360424 0.478703 0.361131 0.478703 0.361837 0.488867 0.373498 0.489835 0.374912 0.488867 0.378799 0.478703 0.410247 0.478703 0.410954 0.481607 0.427562 0.481607 0.428269 0.481607 0.428622 0.482575 0.428622 0.487899 0.433569 0.488867 0.433922 0.487899 0.434629 0.478703 0.444170 0.478703 0.444876 0.478703 0.445230 0.478703 0.445936 0.479671 0.457244 0.479671 0.457951 0.479671 0.458657 0.480639 0.458657 0.487899 0.464664 0.488867 0.466078 0.487899 0.466784 0.478703 0.474558 0.478703 0.475265 0.478703 0.475972 0.478703 0.476678 0.478703 0.500000 0.478703 0.500353 0.478703 0.501060 0.479671 0.501060 0.486931 0.507067 0.488867 0.508481 0.486931 0.510954 0.478703 0.521201 0.478703 0.521908 0.478703 0.522261 0.478703 0.522968 0.478703 0.537102 0.478703 0.537809 0.478703 0.538163 0.479671 0.538163 0.486931 0.543816 0.488867 0.545583 0.486931 0.548410 0.478703 0.556890 0.478703 0.557597 0.478703 0.558304 0.478703 0.559011 0.478703 0.569611 0.478703 0.570318 0.478703 0.571025 0.485963 0.578092 0.490803 0.582332 0.490803 0.588693 0.485963 0.592226 0.478703 0.598233 0.478703 0.598587 0.478703 0.599293 0.478703 0.600000 0.479671 0.618728 0.479671 0.619435 0.479671 0.620141 0.480639 0.620141 0.485963 0.624028 0.490803 0.627208 0.490803 0.636749 0.485963 0.639929 0.479671 0.645230 0.478703 0.645230 0.478703 0.645936 0.478703 0.646643 0.478703 0.647350 0.478703 0.648057 0.484995 0.656537 0.490803 0.663251 0.490803 0.672438 0.484995 0.679152 0.478703 0.687633 0.478703 0.688339 0.478703 0.689046 0.478703 0.698233 0.478703 0.698940 0.478703 0.699647 0.479671 0.699647 0.484995 0.703534 0.489835 0.707067 0.484995 0.713781 0.478703 0.722261 0.478703 0.722968 0.478703 0.723675 0.478703 0.743463 0.478703 0.744170 0.478703 0.744876 0.479671 0.744876 0.484511 0.748763 0.488867 0.752297 0.484511 0.756890 0.478703 0.762191 0.478703 0.762898 0.478703 0.763604 0.478703 0.763958 0.480639 0.783392 0.480639 0.784099 0.480639 0.784806 0.481607 0.784806 0.484511 0.786572 0.489835 0.790813 0.483543 0.798587 0.479671 0.804594 0.479671 0.805300 0.479671 0.806007 0.479671 0.806714 0.483543 0.813074 0.485963 0.816608 0.483543 0.819081 0.478703 0.824382 0.478703 0.825088 0.478703 0.825795 0.478703 0.826502 0.478703 0.827208 0.478703 0.827915 0.479671 0.827915 0.483543 0.831095 0.489835 0.834982 0.483543 0.845230 0.479671 0.851237 0.479671 0.851590 0.479671 0.852297 0.483543 0.868905 0.501452 0.868905
0 0.464182 0.863604 0.464182 0.823322 0.464182 0.822615 0.476283 0.813781 0.477251 0.813781 0.477251 0.813074 0.477251 0.812721 0.477251 0.812014 0.477251 0.811307 0.465150 0.793993 0.477251 0.785512 0.477735 0.785512 0.477735 0.784806 0.477735 0.784099 0.478703 0.784099 0.478703 0.753357 0.477735 0.752650 0.477735 0.752297 0.477735 0.751590 0.477251 0.751590 0.469022 0.745583 0.474347 0.740989 0.475315 0.740989 0.475315 0.740283 0.475315 0.739576 0.477735 0.723675 0.477735 0.722968 0.477735 0.722261 0.477735 0.721555 0.477251 0.721555 0.466118 0.713781 0.466118 0.713074 0.466118 0.708481 0.466118 0.707774 0.478703 0.697173 0.479671 0.697173 0.479671 0.696466 0.479671 0.695760 0.479671 0.695053 0.478703 0.675265 0.478703 0.674558 0.478703 0.673852 0.477735 0.673852 0.472410 0.669965 0.478703 0.664664 0.479671 0.664664 0.479671 0.663958 0.479671 0.663251 0.480639 0.663251 0.480639 0.653357 0.479671 0.652650 0.479671 0.651943 0.479671 0.651237 0.478703 0.651237 0.472410 0.646643 0.477735 0.639223 0.477735 0.638516 0.477735 0.637809 0.477735 0.637102 0.477735 0.636749 0.477251 0.636749 0.468054 0.629329 0.477251 0.604594 0.477251 0.604240 0.477251 0.603534 0.477251 0.602827 0.477251 0.602120 0.468054 0.591519 0.468054 0.590813 0.469022 0.590106 0.477251 0.575618 0.477251 0.574912 0.477251 0.574205 0.470474 0.546996 0.481607 0.537809 0.482575 0.537809 0.482575 0.537102 0.482575 0.536396 0.483543 0.536396 0.483543 0.497880 0.482575 0.497173 0.482575 0.496466 0.482575 0.495760 0.475315 0.489046 0.483543 0.475972 0.483543 0.475265 0.483543 0.474558 0.483543 0.473852 0.483543 0.473145 0.482575 0.473145 0.472410 0.466078 0.472410 0.451237 0.482575 0.442049 0.482575 0.441343 0.482575 0.440636 0.482575 0.439929 0.482575 0.439223 0.473379 0.425442 0.484511 0.412014 0.484511 0.411661 0.484511 0.410954 0.484511 0.410247 0.484511 0.409541 0.484511 0.408834 0.471442 0.398233 0.471442 0.392226 0.471442 0.380212 0.471442 0.379505 0.482575 0.371025 0.483543 0.371025 0.483543 0.370318 0.483543 0.369611 0.483543 0.368905 0.483543 0.368198 0.475315 0.347703 0.484511 0.327915 0.484511 0.327208 0.484511 0.326502 0.484511 0.325795 0.484511 0.325088 0.483543 0.325088 0.475315 0.318375 0.479671 0.301413 0.479671 0.300707 0.479671 0.300000 0.473379 0.290813 0.481607 0.283392 0.481607 0.282686 0.481607 0.281979 0.481607 0.281272 0.481607 0.280565 0.481607 0.280212 0.473379 0.273498 0.473379 0.272792 0.473379 0.263958 0.455954 0.263958 0.438045 0.263604 0.437076 0.361837 0.435140 0.362544 0.422556 0.371731 0.421588 0.371731 0.421588 0.372438 0.421588 0.373145 0.421588 0.373498 0.421588 0.862898 0.446273 0.863604 0.464182 0.863604
0 0.399806 0.045583 0.391578 0.045583 0.391578 0.054770 0.390610 0.054770 0.378993 0.065724 0.378993 0.066078 0.378993 0.066784 0.378993 0.067491 0.378993 0.086926 0.378993 0.087633 0.378993 0.087986 0.379961 0.087986 0.389642 0.096113 0.379961 0.104594 0.379961 0.105300 0.379961 0.106007 0.379961 0.106714 0.380445 0.127208 0.380445 0.127915 0.380445 0.128622 0.389642 0.138516 0.390610 0.138516 0.389642 0.139223 0.378993 0.148410 0.378993 0.149117 0.378993 0.149823 0.378993 0.150530 0.380445 0.168551 0.380445 0.169258 0.380445 0.169965 0.381413 0.169965 0.388674 0.175618 0.380445 0.182332 0.379961 0.182332 0.379961 0.183039 0.379961 0.183746 0.378993 0.206360 0.378993 0.207067 0.378993 0.207774 0.378993 0.208481 0.379961 0.208481 0.388674 0.215548 0.391578 0.216961 0.391578 0.228269 0.388674 0.230389 0.378993 0.238163 0.378993 0.238869 0.378993 0.239576 0.378993 0.240283 0.378993 0.252650 0.378993 0.253357 0.378993 0.254064 0.379961 0.254064 0.387706 0.260777 0.390610 0.262191 0.387706 0.265371 0.378993 0.278799 0.378993 0.279505 0.378993 0.280212 0.378993 0.280565 0.387706 0.292580 0.390610 0.296466 0.387706 0.300707 0.379961 0.311307 0.379961 0.312014 0.379961 0.312721 0.379961 0.313074 0.383349 0.321908 0.379961 0.325088 0.378993 0.325088 0.378993 0.325795 0.378993 0.326502 0.378993 0.327208 0.378993 0.337102 0.378993 0.337809 0.378993 0.338516 0.379961 0.338516 0.387222 0.344523 0.390610 0.346290 0.387222 0.351237 0.378993 0.361837 0.378993 0.362544 0.378993 0.362898 0.378993 0.363604 0.378993 0.364311 0.386254 0.372438 0.391578 0.377739 0.391578 0.393640 0.386254 0.396820 0.379961 0.402120 0.378993 0.402120 0.378993 0.402827 0.378993 0.403534 0.378993 0.404240 0.380445 0.414134 0.380445 0.414841 0.380445 0.415548 0.381413 0.415548 0.386254 0.418728 0.390610 0.422968 0.386254 0.432862 0.378993 0.447350 0.378993 0.448057 0.378993 0.448763 0.378993 0.449470 0.378993 0.450177 0.385286 0.457244 0.391578 0.463958 0.391578 0.469965 0.385286 0.475265 0.378993 0.479859 0.378993 0.480565 0.378993 0.481272 0.378993 0.481979 0.383349 0.501767 0.378993 0.535689 0.378993 0.536396 0.378993 0.537102 0.378993 0.537809 0.379961 0.537809 0.384318 0.541696 0.390610 0.546996 0.390610 0.561484 0.384318 0.566784 0.381413 0.568905 0.380445 0.568905 0.380445 0.569611 0.380445 0.570318 0.380445 0.571025 0.380445 0.571378 0.380445 0.572085 0.383349 0.574912 0.391578 0.581625 0.391578 0.596820 0.383349 0.602120 0.379961 0.605300 0.378993 0.605300 0.378993 0.606007 0.378993 0.606714 0.378993 0.607420 0.378993 0.608127 0.378993 0.608834 0.383349 0.612721 0.391578 0.620848 0.391578 0.630035 0.383349 0.636749 0.382381 0.636749 0.382381 0.637102 0.382381 0.637809 0.382381 0.638516 0.382381 0.639223 0.382381 0.640636 0.385286 0.644523 0.382381 0.646643 0.379961 0.649117 0.378993 0.649117 0.378993 0.649823 0.378993 0.650530 0.378993 0.651237 0.378993 0.659011 0.378993 0.659717 0.378993 0.660424 0.379961 0.660424 0.382381 0.663251 0.390610 0.668551 0.382381 0.681272 0.382381 0.681625 0.382381 0.682332 0.382381 0.683039 0.390610 0.710954 0.383349 0.716961 0.382381 0.716961 0.382381 0.717668 0.382381 0.718375 0.382381 0.719081 0.385286 0.735689 0.381413 0.738869 0.380445 0.739576 0.380445 0.740283 0.380445 0.740989 0.380445 0.741696 0.380445 0.742049 0.380445 0.742756 0.381413 0.743463 0.389642 0.751590 0.381413 0.760071 0.378993 0.762191 0.378993 0.762898 0.378993 0.763604 0.378993 0.763958 0.379961 0.781272 0.379961 0.781979 0.379961 0.782686 0.380445 0.782686 0.380445 0.783392 0.390610 0.791166 0.380445 0.816608 0.378993 0.820495 0.378993 0.821201 0.378993 0.821908 0.378993 0.822615 0.378993 0.823322 0.379961 0.823322 0.380445 0.824028 0.391578 0.831802 0.391578 0.846290 0.379961 0.862544 0.399806 0.863604 0.427880 0.861837 0.418683 0.846996 0.418683 0.827915 0.427880 0.819081 0.429816 0.817314 0.429816 0.816608 0.429816 0.815901 0.429816 0.815194 0.429816 0.814488 0.429816 0.813781 0.426912 0.811307 0.419652 0.802473 0.418683 0.789399 0.426912 0.782686 0.426912 0.781979 0.427880 0.781979 0.427880 0.781272 0.427880 0.780565 0.429816 0.764664 0.429816 0.763958 0.429816 0.763604 0.429816 0.762898 0.426912 0.760071 0.420620 0.753357 0.426912 0.746290 0.429816 0.741696 0.429816 0.740989 0.429816 0.740283 0.425944 0.729682 0.424976 0.725088 0.425944 0.720848 0.428848 0.714841 0.428848 0.714134 0.428848 0.713781 0.428848 0.713074 0.428848 0.712367 0.427880 0.712367 0.425944 0.710247 0.419652 0.705654 0.425944 0.690459 0.428848 0.682332 0.428848 0.681625 0.428848 0.681272 0.428848 0.680565 0.425944 0.675618 0.418683 0.665018 0.424976 0.656537 0.428848 0.653357 0.428848 0.652650 0.428848 0.651943 0.428848 0.651237 0.428848 0.650530 0.428848 0.649823 0.424976 0.647350 0.418683 0.639929 0.418683 0.617314 0.424976 0.609541 0.427880 0.606714 0.427880 0.606007 0.427880 0.605300 0.427880 0.604594 0.427880 0.604240 0.427880 0.603534 0.424976 0.601413 0.418683 0.595406 0.418683 0.583392 0.424492 0.574912 0.428848 0.568905 0.428848 0.568198 0.428848 0.567491 0.428848 0.566784 0.424492 0.558304 0.418683 0.548410 0.424492 0.544170 0.429816 0.539576 0.429816 0.538869 0.429816 0.538163 0.429816 0.537809 0.424492 0.508481 0.429816 0.493993 0.429816 0.493286 0.429816 0.492580 0.429816 0.491873 0.423524 0.475972 0.421588 0.471378 0.423524 0.469258 0.428848 0.464664 0.429816 0.464664 0.429816 0.463958 0.429816 0.463251 0.430784 0.463251 0.430784 0.445936 0.429816 0.445230 0.429816 0.444876 0.422556 0.429329 0.418683 0.420848 0.422556 0.415548 0.429816 0.405654 0.429816 0.404947 0.429816 0.404240 0.427880 0.345230 0.427880 0.344523 0.427880 0.343816 0.423524 0.339223 0.427880 0.334982 0.428848 0.334982 0.428848 0.334629 0.428848 0.333922 0.428848 0.333216 0.428848 0.332509 0.424492 0.319081 0.429816 0.313074 0.429816 0.312721 0.429816 0.312014 0.429816 0.311307 0.429816 0.310601 0.429816 0.309894 0.421588 0.302473 0.418683 0.300000 0.421588 0.296466 0.426912 0.288693 0.426912 0.287986 0.426912 0.287279 0.426912 0.286572 0.426912 0.285866 0.425944 0.285866 0.421588 0.281272 0.418683 0.279505 0.418683 0.260777 0.420620 0.258657 0.428848 0.252297 0.429816 0.252297 0.429816 0.251590 0.429816 0.250883 0.430784 0.250883 0.430784 0.237456 0.429816 0.236749 0.429816 0.236042 0.420620 0.221555 0.418683 0.219435 0.420620 0.217668 0.429816 0.206360 0.429816 0.205654 0.429816 0.204947 0.429816 0.204240 0.420620 0.176325 0.428848 0.169258 0.428848 0.168551 0.428848 0.167845 0.429816 0.112721 0.429816 0.112014 0.429816 0.111307 0.418683 0.093993 0.418683 0.093286 0.418683 0.045583 0.399806 0.045583
0 0.347047 0.047703 0.331559 0.047703 0.331559 0.193640 0.328654 0.195053 0.313166 0.207067 0.312682 0.207067 0.312682 0.207774 0.312682 0.208481 0.312682 0.208834 0.312682 0.209541 0.325266 0.243463 0.321394 0.297880 0.314134 0.303180 0.313166 0.303180 0.313166 0.303887 0.313166 0.304594 0.313166 0.305300 0.313166 0.345230 0.313166 0.345936 0.313166 0.346290 0.314134 0.346290 0.321394 0.351590 0.324298 0.377739 0.323330 0.453357 0.315102 0.460071 0.314134 0.460071 0.314134 0.460777 0.314134 0.461484 0.314134 0.461837 0.314134 0.462544 0.319942 0.475972 0.314134 0.481272 0.314134 0.481979 0.314134 0.482686 0.314134 0.483392 0.314134 0.483746 0.314134 0.484452 0.318974 0.489753 0.314134 0.519081 0.314134 0.519788 0.314134 0.520495 0.314134 0.521201 0.315102 0.521201 0.321394 0.525795 0.322362 0.538869 0.322362 0.677739 0.322362 0.740283 0.320426 0.742756 0.316070 0.756184 0.316070 0.756890 0.316070 0.757597 0.320426 0.790813 0.323330 0.814488 0.319942 0.866431 0.351404 0.867138 0.385286 0.864311 0.372701 0.845936 0.372701 0.833922 0.382381 0.822615 0.382381 0.821908 0.382381 0.821201 0.382381 0.820495 0.382381 0.819788 0.382381 0.819081 0.381413 0.819081 0.372701 0.812014 0.378993 0.802120 0.378993 0.801413 0.378993 0.800707 0.378993 0.800000 0.372701 0.784099 0.382381 0.768905 0.382381 0.768198 0.382381 0.767491 0.382381 0.766784 0.382381 0.766078 0.372701 0.756890 0.377057 0.733569 0.377057 0.732862 0.371733 0.695760 0.378025 0.689046 0.378025 0.688339 0.378025 0.687633 0.378025 0.686926 0.371733 0.667138 0.380445 0.653357 0.383349 0.648410 0.383349 0.648057 0.383349 0.647350 0.383349 0.646643 0.380445 0.641343 0.371733 0.626502 0.379961 0.611307 0.384318 0.602827 0.384318 0.602120 0.384318 0.601413 0.384318 0.600707 0.384318 0.600000 0.379961 0.596113 0.371733 0.587986 0.371733 0.577385 0.378993 0.569611 0.382381 0.566078 0.382381 0.565724 0.382381 0.565018 0.382381 0.564311 0.382381 0.563604 0.378993 0.558304 0.371733 0.549117 0.378025 0.544170 0.383349 0.539576 0.384318 0.539576 0.384318 0.538869 0.384318 0.538163 0.384318 0.537809 0.384318 0.537102 0.378025 0.528269 0.370765 0.518375 0.370765 0.507067 0.377057 0.501767 0.382381 0.497880 0.383349 0.497880 0.383349 0.497173 0.383349 0.496466 0.383349 0.495760 0.383349 0.495053 0.377057 0.479859 0.370765 0.466078 0.376089 0.460777 0.383349 0.454770 0.383349 0.454064 0.383349 0.453357 0.383349 0.452650 0.383349 0.451943 0.377057 0.435336 0.383349 0.410954 0.383349 0.410247 0.383349 0.409541 0.383349 0.408834 0.382381 0.408834 0.377057 0.404947 0.381413 0.398940 0.381413 0.398233 0.381413 0.397527 0.381413 0.396820 0.381413 0.396113 0.380445 0.396113 0.375121 0.391519 0.371733 0.388339 0.375121 0.384806 0.382381 0.377032 0.382381 0.376325 0.382381 0.375618 0.383349 0.375618 0.383349 0.349117 0.382381 0.348410 0.382381 0.347703 0.382381 0.346996 0.381413 0.346996 0.374153 0.340636 0.372701 0.339223 0.373185 0.336396 0.382381 0.314488 0.382381 0.313781 0.382381 0.313074 0.382381 0.312721 0.382381 0.312014 0.373185 0.303887 0.369797 0.300707 0.369797 0.293993 0.372701 0.291166 0.381413 0.284806 0.382381 0.284806 0.382381 0.284099 0.382381 0.283392 0.383349 0.283392 0.383349 0.270671 0.382381 0.269965 0.382381 0.269258 0.382381 0.268905 0.381413 0.268905 0.372701 0.261484 0.370765 0.260777 0.372701 0.259364 0.381413 0.252297 0.382381 0.252297 0.382381 0.251590 0.382381 0.250883 0.383349 0.250883 0.383349 0.230742 0.382381 0.230389 0.382381 0.229682 0.382381 0.228975 0.381413 0.228975 0.376089 0.224382 0.382381 0.213781 0.382381 0.213074 0.382381 0.212367 0.381413 0.194346 0.381413 0.193640 0.370765 0.178445 0.369797 0.177032 0.370765 0.176325 0.380445 0.157244 0.380445 0.156537 0.380445 0.155830 0.380445 0.155124 0.369797 0.135336 0.368829 0.134629 0.369797 0.133922 0.381413 0.120141 0.381413 0.119435 0.381413 0.118728 0.382381 0.118728 0.382381 0.109541 0.381413 0.108834 0.381413 0.108127 0.381413 0.107420 0.380445 0.107420 0.368829 0.098233 0.368829 0.088693 0.368829 0.081625 0.379961 0.070318 0.379961 0.069611 0.379961 0.068905 0.379961 0.068198 0.379961 0.067491 0.379961 0.066784 0.378993 0.066784 0.367861 0.058304 0.366893 0.046996 0.347047 0.047703
0 0.277832 0.871025 0.304453 0.871025 0.315102 0.845230 0.315102 0.844523 0.315102 0.843816 0.315102 0.843110 0.315102 0.842403 0.304453 0.831802 0.304453 0.824382 0.277832 0.824382 0.258955 0.824382 0.258955 0.831802 0.257018 0.832509 0.242498 0.843816 0.241530 0.843816 0.241530 0.844523 0.241530 0.845230 0.241530 0.845936 0.241530 0.846290 0.251694 0.871025 0.277832 0.871025
0 0.174250 0.871025 0.196031 0.871731 0.209584 0.859011 0.209584 0.858304 0.209584 0.857597 0.210552 0.847703 0.210552 0.846996 0.210552 0.846290 0.210552 0.845936 0.196031 0.827208 0.195063 0.826502 0.195063 0.815901 0.179090 0.815901 0.172314 0.815194 0.171346 0.829682 0.169894 0.831095 0.149080 0.846996 0.148112 0.846996 0.148112 0.847703 0.148112 0.848410 0.148112 0.849117 0.148112 0.860424 0.148112 0.861131 0.148112 0.861837 0.149080 0.861837 0.159729 0.869611 0.174250 0.871025
0 0.096321 0.418021 0.083253 0.418021 0.081801 0.438869 0.071636 0.448057 0.071636 0.448763 0.071636 0.449470 0.071636 0.450177 0.073572 0.507067 0.073572 0.507774 0.078896 0.516961 0.075024 0.533569 0.075024 0.534276 0.075024 0.534982 0.075024 0.535689 0.075992 0.535689 0.082285 0.540989 0.085189 0.543110 0.082285 0.550177 0.074540 0.576678 0.074540 0.577385 0.074540 0.578092 0.074540 0.578799 0.082285 0.587986 0.086157 0.592226 0.082285 0.596820 0.075024 0.607420 0.075024 0.608127 0.075024 0.608834 0.075024 0.609541 0.075024 0.609894 0.082285 0.615901 0.087125 0.620848 0.082285 0.633216 0.079864 0.639929 0.079864 0.640636 0.079864 0.641343 0.079864 0.642049 0.081801 0.647350 0.089061 0.661131 0.089061 0.671025 0.081801 0.678445 0.075992 0.683746 0.075992 0.684452 0.075992 0.685159 0.075992 0.685866 0.075992 0.686572 0.075992 0.686926 0.081801 0.692933 0.089061 0.701060 0.081801 0.711661 0.076960 0.718375 0.076960 0.719081 0.076960 0.719435 0.077928 0.733569 0.077928 0.734276 0.077928 0.734982 0.078896 0.734982 0.081801 0.737456 0.089545 0.744170 0.080833 0.772792 0.078896 0.781272 0.078896 0.781979 0.078896 0.782686 0.078896 0.783392 0.080833 0.785512 0.089545 0.795406 0.080833 0.802120 0.079864 0.803180 0.078896 0.803180 0.078896 0.803887 0.078896 0.804594 0.078896 0.805300 0.078896 0.816608 0.078896 0.817314 0.078896 0.818021 0.079864 0.818021 0.080833 0.818375 0.092449 0.826502 0.092449 0.834629 0.080833 0.843110 0.079864 0.843110 0.079864 0.843816 0.079864 0.844523 0.079864 0.845230 0.080833 0.865724 0.105034 0.865724 0.127783 0.863604 0.122459 0.818375 0.126815 0.813074 0.129719 0.809894 0.129719 0.809187 0.129719 0.808481 0.129719 0.807774 0.129719 0.807420 0.126331 0.800000 0.121491 0.790813 0.126331 0.785866 0.131655 0.780212 0.131655 0.779505 0.131655 0.778799 0.131655 0.778092 0.131655 0.777385 0.131655 0.776678 0.130687 0.776678 0.125363 0.772085 0.120523 0.768905 0.120523 0.742756 0.124395 0.738869 0.131655 0.731449 0.131655 0.730742 0.131655 0.730389 0.131655 0.729682 0.131655 0.728975 0.123427 0.713074 0.119555 0.705654 0.122459 0.698940 0.128751 0.685866 0.128751 0.685159 0.128751 0.684452 0.128751 0.683746 0.121491 0.674558 0.119071 0.669965 0.121491 0.659011 0.124395 0.647350 0.124395 0.646643 0.120523 0.630035 0.118103 0.618728 0.119555 0.614841 0.127783 0.600000 0.127783 0.599293 0.127783 0.598587 0.127783 0.598233 0.127783 0.597527 0.126815 0.597527 0.119071 0.590813 0.118103 0.589399 0.119071 0.587633 0.127783 0.577385 0.127783 0.576678 0.127783 0.576325 0.127783 0.575618 0.126815 0.550883 0.126815 0.550177 0.126815 0.549470 0.126331 0.549470 0.118103 0.543816 0.126331 0.537809 0.126815 0.537809 0.126815 0.537102 0.126815 0.536396 0.127783 0.536396 0.127783 0.511661 0.126815 0.510954 0.126331 0.489046 0.126331 0.488693 0.115198 0.469965 0.125363 0.459364 0.125363 0.458657 0.125363 0.457951 0.126331 0.457951 0.126331 0.429329 0.125363 0.428622 0.125363 0.428269 0.125363 0.427562 0.116167 0.417314 0.096321 0.418021
0 0.045015 0.422261 0.027106 0.422261 0.027106 0.482686 0.025169 0.483746 0.019845 0.488693 0.018877 0.488693 0.018877 0.489046 0.018877 0.489753 0.016941 0.521908 0.016941 0.522261 0.017909 0.689753 0.021781 0.708481 0.024201 0.725088 0.020813 0.732155 0.016941 0.739576 0.016941 0.740283 0.016941 0.740989 0.018877 0.865724 0.052275 0.865724 0.079864 0.864311 0.083253 0.853710 0.083253 0.853004 0.083253 0.852297 0.079864 0.843110 0.072604 0.827915 0.078896 0.821908 0.083253 0.818021 0.083253 0.817314 0.083253 0.816608 0.083253 0.815901 0.083253 0.815194 0.083253 0.814488 0.077928 0.810601 0.071636 0.804594 0.071636 0.786572 0.076960 0.780565 0.082285 0.775265 0.082285 0.774558 0.082285 0.774205 0.082285 0.773498 0.082285 0.772792 0.075992 0.757597 0.072604 0.748763 0.075992 0.746290 0.081801 0.741696 0.082285 0.741696 0.082285 0.740989 0.082285 0.740283 0.083253 0.740283 0.083253 0.732862 0.082285 0.732155 0.082285 0.731449 0.082285 0.730742 0.081801 0.730742 0.075024 0.725442 0.072604 0.724382 0.070668 0.708834 0.074540 0.706360 0.081801 0.700353 0.082285 0.700353 0.082285 0.699647 0.082285 0.698940 0.082285 0.698233 0.082285 0.697527 0.073572 0.677032 0.069700 0.669258 0.073572 0.666431 0.080833 0.660424 0.081801 0.660424 0.081801 0.659717 0.081801 0.659011 0.082285 0.659011 0.082285 0.648410 0.081801 0.648057 0.081801 0.647350 0.071636 0.621908 0.068732 0.615901 0.071636 0.614134 0.079864 0.607420 0.080833 0.607420 0.080833 0.606714 0.080833 0.606007 0.081801 0.606007 0.081801 0.592933 0.080833 0.592226 0.080833 0.591519 0.080833 0.590813 0.079864 0.590813 0.069700 0.582686 0.068732 0.581625 0.069700 0.580919 0.076960 0.574912 0.077928 0.574912 0.077928 0.574205 0.077928 0.573498 0.079864 0.559717 0.079864 0.559011 0.079864 0.558304 0.079864 0.557597 0.068732 0.544170 0.067764 0.543816 0.068732 0.543110 0.079864 0.533569 0.079864 0.532862 0.079864 0.532509 0.079864 0.531802 0.079864 0.531095 0.067764 0.514488 0.066796 0.512367 0.066796 0.498587 0.075992 0.490459 0.076960 0.490459 0.076960 0.489753 0.076960 0.489046 0.076960 0.488693 0.076960 0.487986 0.066312 0.472085 0.066312 0.460071 0.077928 0.450177 0.077928 0.449470 0.077928 0.448763 0.078896 0.448763 0.078896 0.438163 0.077928 0.437456 0.077928 0.436749 0.077928 0.436042 0.066312 0.421555 0.045015 0.422261
0 0.000000 0.012367 0.000000 0.012367 0.000000 0.036749 0.000000 0.037809 0.000000 0.038869 0.000000 0.038869 0.000000 0.048410 0.000000 0.256184 0.000000 0.257244 0.000000 0.012367
0 0.000000 0.372792 0.000000 0.372792 0.000000 0.433216 0.000000 0.433216 0.000000 0.432155 0.000000 0.413074 0.000000 0.407774 0.000000 0.397173 0.000000 0.396113 0.000000 0.393993 0.000000 0.392933 0.000000 0.371731 0.000000 0.372792
0 0.000000 0.373852 0.000000 0.458657
0 0.000000 0.708481 0.000000 0.726502
