0 0.719814 0.035689 0.698142 0.035689 0.698142 0.073852 0.719814 0.074912 0.749226 0.072792 0.733746 0.035689 0.719814 0.035689
0 0.555728 0.045230 0.523220 0.045230 0.523220 0.082332 0.555728 0.083392 0.588235 0.081272 0.563467 0.045230 0.555728 0.045230
0 0.606811 0.088693 0.636223 0.088693 0.640867 0.071731 0.640867 0.070671 0.640867 0.069611 0.620743 0.045230 0.606811 0.045230 0.586687 0.045230 0.586687 0.088693 0.606811 0.088693
0 0.673375 0.037809 0.648607 0.036749 0.647059 0.090813 0.670279 0.093993 0.699690 0.090813 0.691950 0.071731 0.693498 0.070671 0.696594 0.066431 0.698142 0.066431 0.698142 0.065371 0.698142 0.064311 0.698142 0.063251 0.698142 0.062191 0.681115 0.037809 0.673375 0.037809
0 0.667183 0.087633 0.660991 0.114134 0.660991 0.115194 0.660991 0.116254 0.660991 0.117314 0.662539 0.117314 0.665635 0.121555 0.673375 0.124735 0.673375 0.155477 0.662539 0.174558 0.698142 0.176678 0.727554 0.175618 0.721362 0.138516 0.722910 0.130035 0.733746 0.097173 0.733746 0.096113 0.733746 0.095053 0.733746 0.093993 0.732198 0.093993 0.722910 0.087633 0.698142 0.087633 0.671827 0.087633 0.667183 0.087633
0 0.606811 0.208481 0.619195 0.207420 0.623839 0.181979 0.623839 0.180919 0.623839 0.179859 0.623839 0.178799 0.619195 0.174558 0.614551 0.170318 0.619195 0.163958 0.625387 0.152297 0.625387 0.151237 0.625387 0.150177 0.625387 0.149117 0.625387 0.148057 0.617647 0.138516 0.616099 0.136396 0.617647 0.134276 0.626935 0.121555 0.626935 0.120495 0.626935 0.118375 0.626935 0.117314 0.616099 0.093993 0.591331 0.093993 0.565015 0.091873 0.552632 0.206360 0.586687 0.208481 0.606811 0.208481
0 0.719814 0.213781 0.749226 0.213781 0.761610 0.183039 0.719814 0.181979 0.695046 0.181979 0.695046 0.213781 0.719814 0.213781
0 0.399381 0.209541 0.414861 0.192580 0.414861 0.191519 0.414861 0.190459 0.414861 0.189399 0.414861 0.188339 0.397833 0.170318 0.411765 0.160777 0.411765 0.159717 0.411765 0.157597 0.414861 0.128975 0.414861 0.127915 0.413313 0.112014 0.413313 0.110954 0.413313 0.109894 0.411765 0.109894 0.396285 0.098233 0.411765 0.060071 0.411765 0.059011 0.411765 0.057951 0.411765 0.056890 0.411765 0.055830 0.394737 0.043110 0.376161 0.044170 0.351393 0.044170 0.345201 0.070671 0.345201 0.071731 0.345201 0.072792 0.354489 0.101413 0.354489 0.102473 0.342105 0.126855 0.342105 0.127915 0.342105 0.128975 0.342105 0.130035 0.342105 0.131095 0.345201 0.131095 0.354489 0.138516 0.346749 0.149117 0.346749 0.150177 0.346749 0.151237 0.346749 0.152297 0.346749 0.153357 0.357585 0.176678 0.346749 0.197880 0.346749 0.200000 0.346749 0.201060 0.346749 0.202120 0.346749 0.203180 0.356037 0.213781 0.383901 0.213781 0.393189 0.212721 0.399381 0.209541
0 0.698142 0.298587 0.716718 0.298587 0.729102 0.295406 0.736842 0.286926 0.736842 0.285866 0.736842 0.284806 0.736842 0.283746 0.736842 0.282686 0.724458 0.273145 0.722910 0.272085 0.724458 0.269965 0.736842 0.247703 0.736842 0.246643 0.736842 0.245583 0.736842 0.244523 0.719814 0.220141 0.698142 0.220141 0.665635 0.220141 0.656347 0.248763 0.656347 0.249823 0.656347 0.251943 0.656347 0.253004 0.656347 0.254064 0.665635 0.263604 0.656347 0.284806 0.656347 0.285866 0.656347 0.286926 0.656347 0.287986 0.656347 0.289046 0.662539 0.298587 0.698142 0.298587
0 0.340557 0.213781 0.309598 0.213781 0.311146 0.334629 0.346749 0.334629 0.376161 0.331449 0.366873 0.307067 0.371517 0.286926 0.374613 0.268905 0.374613 0.267845 0.374613 0.266784 0.374613 0.265724 0.366873 0.257244 0.363777 0.253004 0.365325 0.247703 0.373065 0.233922 0.373065 0.232862 0.373065 0.231802 0.373065 0.230742 0.360681 0.212721 0.340557 0.213781
0 0.670279 0.299647 0.645511 0.298587 0.642415 0.370671 0.664087 0.372792 0.695046 0.371731 0.685759 0.339929 0.690402 0.328269 0.696594 0.313428 0.696594 0.312367 0.696594 0.311307 0.696594 0.310247 0.688854 0.299647 0.670279 0.299647
0 0.699690 0.296466 0.696594 0.296466 0.690402 0.375972 0.715170 0.378092 0.743034 0.377032 0.735294 0.296466 0.719814 0.296466 0.699690 0.295406 0.699690 0.296466
0 0.394737 0.381272 0.424149 0.380212 0.422601 0.347350 0.422601 0.346290 0.422601 0.345230 0.421053 0.345230 0.413313 0.338869 0.421053 0.331449 0.424149 0.327208 0.424149 0.326148 0.424149 0.325088 0.424149 0.324028 0.424149 0.322968 0.417957 0.315548 0.411765 0.304947 0.417957 0.300707 0.425697 0.295406 0.427245 0.295406 0.427245 0.294346 0.427245 0.293286 0.427245 0.292226 0.425697 0.266784 0.425697 0.265724 0.425697 0.263604 0.424149 0.263604 0.414861 0.257244 0.413313 0.257244 0.414861 0.256184 0.427245 0.237102 0.427245 0.236042 0.427245 0.234982 0.427245 0.233922 0.410217 0.209541 0.394737 0.209541 0.373065 0.209541 0.373065 0.381272 0.394737 0.381272
0 0.340557 0.417314 0.308050 0.419435 0.309598 0.452297 0.348297 0.450177 0.369969 0.446996 0.374613 0.432155 0.374613 0.431095 0.374613 0.430035 0.374613 0.428975 0.357585 0.415194 0.340557 0.417314
0 0.394737 0.452297 0.411765 0.452297 0.422601 0.431095 0.422601 0.430035 0.422601 0.428975 0.422601 0.427915 0.408669 0.410954 0.394737 0.410954 0.371517 0.410954 0.365325 0.420495 0.365325 0.422615 0.365325 0.423675 0.374613 0.452297 0.394737 0.452297
0 0.767802 0.044170 0.735294 0.044170 0.735294 0.455477 0.775542 0.455477 0.806502 0.453357 0.795666 0.424735 0.804954 0.415194 0.808050 0.413074 0.808050 0.412014 0.808050 0.410954 0.808050 0.409894 0.808050 0.407774 0.808050 0.406714 0.804954 0.402473 0.792570 0.389753 0.800310 0.351590 0.806502 0.324028 0.806502 0.322968 0.806502 0.321908 0.806502 0.320848 0.804954 0.320848 0.798762 0.315548 0.791022 0.310247 0.797214 0.297527 0.804954 0.283746 0.804954 0.282686 0.804954 0.281625 0.804954 0.280565 0.795666 0.263604 0.792570 0.258304 0.794118 0.256184 0.801858 0.249823 0.801858 0.248763 0.801858 0.247703 0.801858 0.246643 0.795666 0.219081 0.804954 0.212721 0.804954 0.210601 0.804954 0.209541 0.804954 0.208481 0.800310 0.178799 0.800310 0.177739 0.800310 0.176678 0.798762 0.176678 0.789474 0.169258 0.787926 0.167138 0.787926 0.138516 0.787926 0.136396 0.800310 0.120495 0.800310 0.118375 0.800310 0.117314 0.800310 0.116254 0.786378 0.097173 0.800310 0.084452 0.800310 0.083392 0.800310 0.082332 0.801858 0.082332 0.801858 0.064311 0.800310 0.063251 0.800310 0.062191 0.800310 0.061131 0.784830 0.043110 0.767802 0.044170
0 0.823529 0.044170 0.798762 0.043110 0.795666 0.494346 0.818885 0.496466 0.848297 0.495406 0.843653 0.458657 0.848297 0.453357 0.852941 0.450177 0.852941 0.449117 0.852941 0.446996 0.854489 0.446996 0.854489 0.409894 0.852941 0.407774 0.852941 0.406714 0.848297 0.391873 0.843653 0.378092 0.848297 0.354770 0.852941 0.322968 0.852941 0.321908 0.852941 0.320848 0.846749 0.307067 0.843653 0.299647 0.846749 0.295406 0.852941 0.285866 0.852941 0.284806 0.852941 0.283746 0.852941 0.282686 0.852941 0.281625 0.846749 0.276325 0.843653 0.273145 0.846749 0.263604 0.854489 0.239223 0.854489 0.237102 0.854489 0.236042 0.846749 0.221201 0.845201 0.219081 0.846749 0.218021 0.854489 0.202120 0.854489 0.201060 0.854489 0.200000 0.854489 0.197880 0.846749 0.176678 0.854489 0.141696 0.854489 0.140636 0.854489 0.139576 0.845201 0.125795 0.854489 0.108834 0.854489 0.107774 0.854489 0.105654 0.854489 0.104594 0.845201 0.090813 0.854489 0.075972 0.854489 0.074912 0.854489 0.073852 0.854489 0.072792 0.843653 0.044170 0.823529 0.044170
0 0.404025 0.531449 0.410217 0.520848 0.410217 0.519788 0.410217 0.518728 0.410217 0.517668 0.410217 0.516608 0.399381 0.506007 0.391641 0.498587 0.396285 0.493286 0.410217 0.479859 0.410217 0.478799 0.410217 0.477739 0.410217 0.476678 0.410217 0.475618 0.410217 0.473498 0.391641 0.455477 0.376161 0.455477 0.349845 0.454417 0.334365 0.477739 0.334365 0.478799 0.334365 0.479859 0.334365 0.480919 0.342105 0.494346 0.349845 0.508127 0.334365 0.525088 0.374613 0.531449 0.404025 0.531449
0 0.667183 0.407774 0.639319 0.406714 0.626935 0.461837 0.626935 0.462898 0.631579 0.534629 0.662539 0.536749 0.691950 0.534629 0.679567 0.507067 0.688854 0.499647 0.695046 0.494346 0.695046 0.493286 0.695046 0.492226 0.696594 0.492226 0.696594 0.472438 0.695046 0.471378 0.695046 0.470318 0.695046 0.469258 0.693498 0.469258 0.684211 0.462898 0.681115 0.458657 0.682663 0.456537 0.695046 0.445936 0.695046 0.444876 0.695046 0.443816 0.695046 0.442756 0.695046 0.441696 0.678019 0.407774 0.667183 0.407774
0 0.131579 0.044170 0.080495 0.044170 0.088235 0.575972 0.136223 0.575972 0.157895 0.574912 0.165635 0.553710 0.165635 0.551590 0.165635 0.550530 0.165635 0.549470 0.164087 0.549470 0.157895 0.544170 0.154799 0.542049 0.157895 0.538869 0.162539 0.534629 0.164087 0.534629 0.164087 0.533569 0.164087 0.532509 0.165635 0.487986 0.165635 0.485866 0.165635 0.484806 0.156347 0.463958 0.156347 0.462898 0.156347 0.461837 0.165635 0.446996 0.165635 0.445936 0.165635 0.444876 0.165635 0.443816 0.156347 0.424735 0.165635 0.413074 0.165635 0.412014 0.165635 0.410954 0.165635 0.409894 0.165635 0.407774 0.154799 0.393993 0.153251 0.390813 0.154799 0.385512 0.164087 0.359011 0.164087 0.357951 0.164087 0.356890 0.164087 0.354770 0.164087 0.353710 0.162539 0.353710 0.154799 0.347350 0.153251 0.346290 0.154799 0.340989 0.160991 0.318728 0.160991 0.317668 0.160991 0.315548 0.153251 0.304947 0.150155 0.301767 0.153251 0.299647 0.164087 0.291166 0.164087 0.289046 0.164087 0.287986 0.164087 0.286926 0.164087 0.285866 0.153251 0.266784 0.150155 0.263604 0.153251 0.261484 0.164087 0.245583 0.164087 0.244523 0.164087 0.243463 0.164087 0.242403 0.150155 0.223322 0.162539 0.215901 0.164087 0.215901 0.164087 0.214841 0.164087 0.213781 0.165635 0.213781 0.165635 0.154417 0.164087 0.153357 0.164087 0.152297 0.164087 0.151237 0.153251 0.138516 0.162539 0.130035 0.164087 0.130035 0.164087 0.128975 0.164087 0.127915 0.165635 0.127915 0.165635 0.101413 0.164087 0.100353 0.147059 0.043110 0.131579 0.044170
0 0.715170 0.402473 0.674923 0.402473 0.674923 0.424735 0.674923 0.425795 0.674923 0.426855 0.676471 0.427915 0.691950 0.442756 0.682663 0.489046 0.682663 0.490106 0.682663 0.491166 0.682663 0.492226 0.691950 0.501767 0.691950 0.580212 0.715170 0.581272 0.743034 0.580212 0.733746 0.402473 0.715170 0.402473
0 0.184211 0.045230 0.160991 0.045230 0.165635 0.586572 0.188854 0.586572 0.202786 0.585512 0.215170 0.571731 0.215170 0.570671 0.215170 0.569611 0.202786 0.506007 0.215170 0.490106 0.215170 0.489046 0.215170 0.487986 0.215170 0.485866 0.202786 0.467138 0.212074 0.458657 0.212074 0.457597 0.212074 0.456537 0.212074 0.455477 0.212074 0.454417 0.202786 0.441696 0.212074 0.436396 0.213622 0.436396 0.213622 0.434276 0.213622 0.433216 0.213622 0.432155 0.213622 0.431095 0.202786 0.418375 0.213622 0.410954 0.213622 0.409894 0.213622 0.407774 0.213622 0.406714 0.213622 0.405654 0.213622 0.404594 0.201238 0.391873 0.212074 0.372792 0.212074 0.371731 0.212074 0.370671 0.212074 0.368551 0.201238 0.345230 0.213622 0.327208 0.213622 0.326148 0.213622 0.325088 0.213622 0.324028 0.201238 0.293286 0.212074 0.284806 0.213622 0.284806 0.213622 0.283746 0.213622 0.282686 0.213622 0.281625 0.213622 0.280565 0.204334 0.263604 0.213622 0.246643 0.213622 0.245583 0.213622 0.244523 0.213622 0.243463 0.199690 0.226502 0.212074 0.214841 0.212074 0.213781 0.212074 0.212721 0.212074 0.210601 0.199690 0.174558 0.212074 0.152297 0.212074 0.151237 0.212074 0.150177 0.212074 0.149117 0.212074 0.148057 0.201238 0.137456 0.210526 0.128975 0.212074 0.128975 0.212074 0.127915 0.212074 0.126855 0.213622 0.126855 0.213622 0.062191 0.212074 0.061131 0.212074 0.060071 0.212074 0.059011 0.198142 0.044170 0.184211 0.045230
0 0.346749 0.610954 0.383901 0.607774 0.369969 0.592933 0.377709 0.586572 0.383901 0.582332 0.385449 0.582332 0.385449 0.581272 0.385449 0.580212 0.386997 0.580212 0.386997 0.565371 0.385449 0.564311 0.385449 0.563251 0.365325 0.535689 0.346749 0.535689 0.309598 0.535689 0.309598 0.610954 0.346749 0.610954
0 0.447368 0.042049 0.413313 0.042049 0.416409 0.616254 0.455108 0.616254 0.472136 0.615194 0.482972 0.598233 0.482972 0.597173 0.482972 0.596113 0.482972 0.595053 0.482972 0.593993 0.481424 0.593993 0.472136 0.586572 0.486068 0.575972 0.486068 0.574912 0.486068 0.573852 0.486068 0.572792 0.486068 0.571731 0.486068 0.570671 0.484520 0.570671 0.472136 0.561131 0.470588 0.561131 0.470588 0.540989 0.470588 0.538869 0.482972 0.529329 0.482972 0.528269 0.482972 0.527208 0.482972 0.525088 0.482972 0.524028 0.470588 0.507067 0.484520 0.496466 0.484520 0.495406 0.484520 0.494346 0.484520 0.493286 0.484520 0.492226 0.469040 0.465018 0.469040 0.463958 0.484520 0.453357 0.486068 0.453357 0.486068 0.452297 0.486068 0.451237 0.486068 0.450177 0.486068 0.449117 0.473684 0.426855 0.486068 0.415194 0.486068 0.414134 0.486068 0.413074 0.486068 0.412014 0.486068 0.410954 0.467492 0.387633 0.467492 0.385512 0.467492 0.342049 0.482972 0.331449 0.484520 0.331449 0.484520 0.330389 0.484520 0.328269 0.484520 0.327208 0.472136 0.260424 0.481424 0.254064 0.482972 0.254064 0.482972 0.253004 0.482972 0.251943 0.482972 0.249823 0.482972 0.248763 0.472136 0.225442 0.481424 0.218021 0.482972 0.218021 0.482972 0.216961 0.482972 0.215901 0.484520 0.215901 0.484520 0.157597 0.482972 0.156537 0.482972 0.155477 0.469040 0.132155 0.481424 0.110954 0.481424 0.109894 0.481424 0.108834 0.481424 0.107774 0.481424 0.105654 0.479876 0.105654 0.467492 0.097173 0.481424 0.077032 0.481424 0.075972 0.481424 0.074912 0.481424 0.073852 0.461300 0.039929 0.447368 0.042049
0 0.527864 0.622615 0.529412 0.593993 0.529412 0.592933 0.529412 0.590813 0.529412 0.589753 0.527864 0.589753 0.518576 0.583392 0.527864 0.565371 0.529412 0.562191 0.529412 0.561131 0.529412 0.560071 0.529412 0.559011 0.529412 0.557951 0.527864 0.556890 0.518576 0.546290 0.527864 0.529329 0.529412 0.525088 0.529412 0.524028 0.529412 0.522968 0.529412 0.521908 0.527864 0.518728 0.518576 0.503887 0.527864 0.485866 0.530960 0.478799 0.530960 0.477739 0.530960 0.476678 0.530960 0.475618 0.530960 0.473498 0.526316 0.469258 0.520124 0.462898 0.526316 0.456537 0.529412 0.454417 0.529412 0.453357 0.529412 0.452297 0.529412 0.451237 0.529412 0.450177 0.526316 0.442756 0.520124 0.430035 0.526316 0.425795 0.529412 0.422615 0.530960 0.422615 0.530960 0.420495 0.530960 0.419435 0.530960 0.418375 0.526316 0.399293 0.520124 0.374912 0.526316 0.365371 0.530960 0.356890 0.530960 0.354770 0.530960 0.353710 0.530960 0.352650 0.526316 0.345230 0.520124 0.336749 0.524768 0.331449 0.532508 0.324028 0.532508 0.322968 0.532508 0.321908 0.532508 0.320848 0.532508 0.319788 0.524768 0.307067 0.521672 0.301767 0.524768 0.299647 0.530960 0.295406 0.532508 0.295406 0.532508 0.294346 0.532508 0.293286 0.532508 0.292226 0.524768 0.240283 0.521672 0.221201 0.524768 0.219081 0.530960 0.213781 0.532508 0.213781 0.532508 0.212721 0.532508 0.210601 0.532508 0.209541 0.523220 0.174558 0.523220 0.170318 0.523220 0.168198 0.534056 0.149117 0.534056 0.148057 0.534056 0.146996 0.534056 0.144876 0.534056 0.143816 0.523220 0.132155 0.534056 0.116254 0.534056 0.115194 0.534056 0.114134 0.534056 0.113074 0.523220 0.097173 0.534056 0.082332 0.534056 0.081272 0.534056 0.079152 0.521672 0.045230 0.506192 0.045230 0.484520 0.044170 0.479876 0.619435 0.500000 0.622615 0.527864 0.622615
0 0.664087 0.627915 0.664087 0.634276 0.667183 0.639576 0.693498 0.639576 0.705882 0.639576 0.716718 0.626855 0.716718 0.616254 0.721362 0.615194 0.715170 0.587633 0.693498 0.587633 0.670279 0.587633 0.656347 0.621555 0.656347 0.622615 0.656347 0.623675 0.656347 0.624735 0.656347 0.625795 0.656347 0.625795 0.664087 0.627915
0 0.399381 0.534629 0.377709 0.533569 0.371517 0.653357 0.394737 0.655477 0.417957 0.653357 0.408669 0.635336 0.416409 0.627915 0.422601 0.624735 0.424149 0.624735 0.424149 0.623675 0.424149 0.622615 0.425697 0.599293 0.425697 0.598233 0.425697 0.597173 0.425697 0.596113 0.424149 0.596113 0.414861 0.587633 0.411765 0.586572 0.413313 0.584452 0.427245 0.567491 0.427245 0.565371 0.427245 0.564311 0.427245 0.563251 0.410217 0.534629 0.399381 0.534629
0 0.162539 0.654417 0.195046 0.652297 0.181115 0.627915 0.185759 0.616254 0.195046 0.599293 0.195046 0.598233 0.195046 0.597173 0.195046 0.596113 0.195046 0.595053 0.182663 0.585512 0.162539 0.585512 0.139319 0.585512 0.126935 0.609894 0.126935 0.610954 0.126935 0.612014 0.126935 0.613074 0.126935 0.614134 0.128483 0.614134 0.140867 0.622615 0.140867 0.654417 0.162539 0.654417
0 0.452012 0.660777 0.484520 0.660777 0.507740 0.660777 0.520124 0.640636 0.520124 0.639576 0.520124 0.638516 0.520124 0.637456 0.520124 0.636396 0.509288 0.626855 0.484520 0.626855 0.453560 0.626855 0.436533 0.643816 0.436533 0.645936 0.436533 0.646996 0.436533 0.648057 0.436533 0.649117 0.436533 0.650177 0.444272 0.658657 0.452012 0.660777
0 0.662539 0.702120 0.695046 0.700000 0.684211 0.679859 0.691950 0.661837 0.695046 0.653357 0.695046 0.652297 0.695046 0.651237 0.688854 0.622615 0.662539 0.622615 0.628483 0.622615 0.628483 0.702120 0.662539 0.702120
0 0.405573 0.734982 0.391641 0.706360 0.397833 0.697880 0.410217 0.683039 0.410217 0.681979 0.410217 0.680919 0.410217 0.679859 0.410217 0.678799 0.391641 0.659717 0.377709 0.659717 0.354489 0.658657 0.340557 0.678799 0.340557 0.679859 0.340557 0.680919 0.340557 0.681979 0.348297 0.700000 0.354489 0.714841 0.340557 0.733922 0.376161 0.739223 0.402477 0.736042 0.405573 0.734982
0 0.481424 0.782686 0.482972 0.769965 0.482972 0.768905 0.482972 0.767845 0.482972 0.766784 0.479876 0.764664 0.467492 0.754064 0.476780 0.745583 0.482972 0.741343 0.484520 0.741343 0.484520 0.740283 0.484520 0.739223 0.484520 0.738163 0.467492 0.655477 0.452012 0.655477 0.414861 0.654417 0.414861 0.781625 0.447368 0.782686 0.481424 0.782686
0 0.500000 0.814488 0.521672 0.813428 0.518576 0.787986 0.521672 0.784806 0.529412 0.777385 0.529412 0.775265 0.529412 0.774205 0.529412 0.773145 0.529412 0.772085 0.520124 0.757244 0.518576 0.754064 0.520124 0.753004 0.529412 0.745583 0.530960 0.745583 0.530960 0.744523 0.530960 0.743463 0.530960 0.742403 0.530960 0.741343 0.521672 0.712721 0.530960 0.690459 0.530960 0.689399 0.530960 0.688339 0.530960 0.687279 0.517028 0.660777 0.500000 0.660777 0.473684 0.660777 0.473684 0.814488 0.500000 0.814488
0 0.131579 0.824028 0.164087 0.821908 0.150155 0.798587 0.160991 0.784806 0.164087 0.780565 0.164087 0.779505 0.164087 0.778445 0.164087 0.777385 0.159443 0.768905 0.150155 0.754064 0.156347 0.730742 0.164087 0.692580 0.164087 0.691519 0.164087 0.690459 0.148607 0.668198 0.131579 0.668198 0.088235 0.668198 0.088235 0.824028 0.131579 0.824028
0 0.213622 0.860071 0.215170 0.809187 0.215170 0.808127 0.215170 0.807067 0.210526 0.800707 0.202786 0.792226 0.210526 0.783746 0.213622 0.778445 0.213622 0.777385 0.213622 0.775265 0.213622 0.774205 0.207430 0.766784 0.202786 0.757244 0.207430 0.755124 0.213622 0.750883 0.215170 0.750883 0.215170 0.748763 0.215170 0.747703 0.216718 0.747703 0.216718 0.721201 0.215170 0.720141 0.215170 0.719081 0.215170 0.718021 0.204334 0.709541 0.202786 0.708481 0.204334 0.706360 0.215170 0.690459 0.215170 0.689399 0.215170 0.688339 0.215170 0.687279 0.201238 0.661837 0.187307 0.661837 0.165635 0.661837 0.165635 0.712721 0.162539 0.714841 0.154799 0.724382 0.154799 0.725442 0.154799 0.726502 0.154799 0.727562 0.154799 0.728622 0.160991 0.747703 0.162539 0.754064 0.157895 0.859011 0.187307 0.860071 0.213622 0.860071
0 0.913313 0.862191 0.913313 0.837809 0.911765 0.836749 0.911765 0.835689 0.911765 0.834629 0.910217 0.834629 0.900929 0.827208 0.911765 0.813428 0.911765 0.812367 0.911765 0.811307 0.911765 0.810247 0.911765 0.809187 0.900929 0.785866 0.910217 0.778445 0.911765 0.778445 0.911765 0.777385 0.911765 0.775265 0.911765 0.774205 0.911765 0.767845 0.900929 0.712721 0.910217 0.705300 0.910217 0.704240 0.911765 0.704240 0.911765 0.703180 0.911765 0.702120 0.911765 0.701060 0.911765 0.700000 0.910217 0.695760 0.904025 0.683039 0.908669 0.652297 0.911765 0.635336 0.911765 0.634276 0.911765 0.633216 0.911765 0.631095 0.910217 0.631095 0.908669 0.628975 0.902477 0.624735 0.908669 0.617314 0.911765 0.615194 0.911765 0.614134 0.911765 0.613074 0.911765 0.612014 0.911765 0.610954 0.908669 0.604594 0.900929 0.589753 0.900929 0.546290 0.907121 0.537809 0.910217 0.535689 0.910217 0.534629 0.910217 0.533569 0.910217 0.532509 0.910217 0.531449 0.910217 0.530389 0.907121 0.528269 0.900929 0.521908 0.907121 0.499647 0.908669 0.492226 0.910217 0.492226 0.908669 0.491166 0.907121 0.481625 0.900929 0.461837 0.905573 0.455477 0.910217 0.451237 0.910217 0.450177 0.910217 0.449117 0.910217 0.446996 0.910217 0.445936 0.910217 0.444876 0.905573 0.441696 0.900929 0.436396 0.905573 0.420495 0.910217 0.406714 0.910217 0.405654 0.910217 0.404594 0.910217 0.403534 0.905573 0.392933 0.900929 0.385512 0.905573 0.381272 0.910217 0.377032 0.911765 0.377032 0.911765 0.375972 0.911765 0.374912 0.911765 0.373852 0.911765 0.372792 0.904025 0.357951 0.900929 0.348410 0.904025 0.339929 0.910217 0.325088 0.910217 0.324028 0.911765 0.324028 0.910217 0.322968 0.910217 0.321908 0.904025 0.306007 0.900929 0.298587 0.904025 0.293286 0.911765 0.279505 0.911765 0.278445 0.911765 0.276325 0.911765 0.275265 0.911765 0.274205 0.902477 0.265724 0.900929 0.262544 0.902477 0.260424 0.911765 0.246643 0.911765 0.245583 0.911765 0.244523 0.911765 0.243463 0.902477 0.223322 0.900929 0.219081 0.902477 0.214841 0.910217 0.192580 0.910217 0.191519 0.910217 0.190459 0.910217 0.189399 0.910217 0.188339 0.902477 0.178799 0.910217 0.171378 0.911765 0.171378 0.911765 0.170318 0.911765 0.169258 0.913313 0.169258 0.913313 0.141696 0.911765 0.140636 0.911765 0.139576 0.911765 0.138516 0.902477 0.131095 0.911765 0.115194 0.911765 0.114134 0.911765 0.113074 0.911765 0.112014 0.900929 0.089753 0.911765 0.069611 0.911765 0.068551 0.911765 0.066431 0.911765 0.065371 0.899381 0.045230 0.877709 0.045230 0.843653 0.045230 0.843653 0.861131 0.877709 0.862191 0.913313 0.862191
0 0.631579 0.863251 0.639319 0.846290 0.639319 0.845230 0.639319 0.844170 0.639319 0.843110 0.639319 0.840989 0.631579 0.833569 0.626935 0.831449 0.631579 0.827208 0.639319 0.819788 0.639319 0.818728 0.639319 0.817668 0.639319 0.816608 0.639319 0.814488 0.631579 0.792226 0.626935 0.782686 0.631579 0.777385 0.639319 0.763604 0.639319 0.761484 0.639319 0.760424 0.639319 0.759364 0.639319 0.758304 0.631579 0.748763 0.626935 0.745583 0.631579 0.740283 0.639319 0.722261 0.639319 0.721201 0.639319 0.720141 0.639319 0.719081 0.639319 0.718021 0.631579 0.709541 0.626935 0.707420 0.631579 0.705300 0.639319 0.692580 0.639319 0.691519 0.639319 0.690459 0.639319 0.689399 0.628483 0.676678 0.626935 0.673498 0.628483 0.672438 0.637771 0.666078 0.639319 0.666078 0.639319 0.665018 0.639319 0.663958 0.639319 0.662898 0.628483 0.630035 0.628483 0.626855 0.628483 0.623675 0.639319 0.598233 0.639319 0.597173 0.639319 0.596113 0.639319 0.595053 0.639319 0.593993 0.628483 0.584452 0.626935 0.584452 0.628483 0.583392 0.639319 0.573852 0.639319 0.572792 0.639319 0.571731 0.639319 0.570671 0.628483 0.538869 0.626935 0.533569 0.628483 0.532509 0.639319 0.521908 0.639319 0.520848 0.639319 0.519788 0.639319 0.518728 0.639319 0.517668 0.628483 0.503887 0.626935 0.502827 0.628483 0.502827 0.637771 0.495406 0.639319 0.495406 0.639319 0.494346 0.639319 0.493286 0.640867 0.493286 0.640867 0.469258 0.639319 0.468198 0.639319 0.467138 0.639319 0.466078 0.628483 0.455477 0.626935 0.454417 0.626935 0.453357 0.639319 0.438516 0.639319 0.437456 0.639319 0.436396 0.639319 0.434276 0.639319 0.433216 0.637771 0.433216 0.626935 0.425795 0.626935 0.424735 0.626935 0.422615 0.636223 0.398233 0.636223 0.397173 0.636223 0.396113 0.626935 0.384452 0.637771 0.377032 0.639319 0.377032 0.639319 0.375972 0.639319 0.374912 0.639319 0.373852 0.628483 0.340989 0.637771 0.334629 0.639319 0.334629 0.639319 0.333569 0.639319 0.332509 0.640867 0.332509 0.640867 0.266784 0.639319 0.265724 0.639319 0.263604 0.639319 0.262544 0.637771 0.262544 0.626935 0.256184 0.639319 0.233922 0.639319 0.232862 0.639319 0.231802 0.639319 0.230742 0.625387 0.200000 0.608359 0.200000 0.585139 0.200000 0.585139 0.862191 0.608359 0.863251 0.631579 0.863251
0 0.931889 0.049470 0.910217 0.049470 0.908669 0.864311 0.931889 0.865371 0.961300 0.863251 0.950464 0.836749 0.961300 0.809187 0.961300 0.806007 0.961300 0.804947 0.961300 0.803887 0.961300 0.801767 0.952012 0.792226 0.959752 0.785866 0.961300 0.785866 0.961300 0.784806 0.961300 0.783746 0.961300 0.782686 0.961300 0.778445 0.952012 0.748763 0.959752 0.741343 0.961300 0.740283 0.961300 0.739223 0.961300 0.738163 0.961300 0.736042 0.961300 0.734982 0.961300 0.733922 0.959752 0.733922 0.950464 0.727562 0.959752 0.709541 0.961300 0.705300 0.961300 0.704240 0.961300 0.703180 0.959752 0.694700 0.950464 0.669258 0.958204 0.654417 0.961300 0.649117 0.961300 0.648057 0.961300 0.646996 0.961300 0.645936 0.958204 0.640636 0.950464 0.628975 0.958204 0.623675 0.961300 0.621555 0.961300 0.620495 0.961300 0.619435 0.961300 0.617314 0.961300 0.616254 0.958204 0.607774 0.950464 0.587633 0.958204 0.581272 0.961300 0.577032 0.961300 0.575972 0.961300 0.574912 0.961300 0.573852 0.961300 0.572792 0.958204 0.562191 0.950464 0.546290 0.958204 0.540989 0.961300 0.536749 0.961300 0.535689 0.961300 0.534629 0.961300 0.533569 0.961300 0.532509 0.955108 0.521908 0.950464 0.508127 0.955108 0.493286 0.961300 0.477739 0.961300 0.476678 0.961300 0.475618 0.961300 0.473498 0.955108 0.469258 0.950464 0.466078 0.955108 0.453357 0.961300 0.438516 0.961300 0.437456 0.961300 0.436396 0.961300 0.434276 0.961300 0.433216 0.955108 0.427915 0.950464 0.424735 0.953560 0.422615 0.961300 0.417314 0.961300 0.416254 0.961300 0.415194 0.961300 0.414134 0.961300 0.413074 0.961300 0.412014 0.953560 0.404594 0.950464 0.400353 0.953560 0.390813 0.961300 0.374912 0.961300 0.373852 0.962848 0.373852 0.961300 0.372792 0.961300 0.371731 0.953560 0.353710 0.950464 0.346290 0.953560 0.342049 0.961300 0.334629 0.961300 0.333569 0.961300 0.332509 0.962848 0.332509 0.962848 0.308127 0.961300 0.307067 0.961300 0.306007 0.961300 0.304947 0.959752 0.304947 0.952012 0.299647 0.952012 0.298587 0.952012 0.296466 0.961300 0.287986 0.961300 0.286926 0.961300 0.285866 0.961300 0.284806 0.961300 0.283746 0.952012 0.265724 0.950464 0.260424 0.952012 0.256184 0.961300 0.237102 0.961300 0.236042 0.961300 0.234982 0.961300 0.233922 0.952012 0.219081 0.950464 0.215901 0.952012 0.213781 0.961300 0.194700 0.961300 0.193640 0.961300 0.192580 0.961300 0.191519 0.950464 0.166078 0.950464 0.163958 0.950464 0.162898 0.961300 0.144876 0.961300 0.143816 0.961300 0.142756 0.961300 0.141696 0.961300 0.140636 0.959752 0.140636 0.950464 0.134276 0.950464 0.100353 0.959752 0.093993 0.961300 0.093993 0.961300 0.091873 0.961300 0.090813 0.962848 0.090813 0.962848 0.068551 0.961300 0.066431 0.961300 0.065371 0.948916 0.049470 0.931889 0.049470
0 0.664087 0.865371 0.690402 0.865371 0.695046 0.848410 0.695046 0.847350 0.695046 0.846290 0.695046 0.845230 0.684211 0.834629 0.676471 0.827208 0.681115 0.822968 0.693498 0.813428 0.693498 0.812367 0.693498 0.811307 0.693498 0.810247 0.693498 0.809187 0.676471 0.786926 0.664087 0.786926 0.631579 0.786926 0.631579 0.865371 0.664087 0.865371
0 0.560372 0.208481 0.523220 0.207420 0.523220 0.862191 0.555728 0.865371 0.586687 0.864311 0.575851 0.830389 0.586687 0.813428 0.588235 0.810247 0.588235 0.809187 0.588235 0.808127 0.588235 0.807067 0.586687 0.803887 0.575851 0.786926 0.586687 0.778445 0.588235 0.777385 0.588235 0.775265 0.588235 0.774205 0.588235 0.773145 0.588235 0.772085 0.585139 0.767845 0.575851 0.754064 0.585139 0.746643 0.586687 0.745583 0.588235 0.745583 0.588235 0.744523 0.588235 0.743463 0.589783 0.743463 0.589783 0.714841 0.588235 0.713781 0.588235 0.712721 0.588235 0.711661 0.585139 0.708481 0.575851 0.701060 0.585139 0.687279 0.588235 0.680919 0.588235 0.679859 0.588235 0.678799 0.588235 0.677739 0.588235 0.676678 0.585139 0.673498 0.577399 0.667138 0.583591 0.661837 0.586687 0.659717 0.588235 0.659717 0.588235 0.658657 0.588235 0.656537 0.588235 0.655477 0.588235 0.654417 0.583591 0.642756 0.577399 0.626855 0.583591 0.619435 0.589783 0.612014 0.589783 0.610954 0.589783 0.609894 0.589783 0.608834 0.589783 0.607774 0.583591 0.596113 0.577399 0.586572 0.583591 0.583392 0.586687 0.580212 0.588235 0.580212 0.588235 0.578092 0.588235 0.577032 0.589783 0.515548 0.589783 0.514488 0.589783 0.512367 0.589783 0.511307 0.582043 0.504947 0.577399 0.501767 0.582043 0.492226 0.585139 0.483746 0.585139 0.482686 0.585139 0.481625 0.585139 0.480919 0.582043 0.471378 0.577399 0.462898 0.582043 0.458657 0.588235 0.453357 0.589783 0.453357 0.589783 0.452297 0.589783 0.451237 0.589783 0.450177 0.589783 0.449117 0.582043 0.424735 0.591331 0.401413 0.591331 0.400353 0.591331 0.399293 0.591331 0.398233 0.580495 0.383392 0.589783 0.375972 0.591331 0.375972 0.591331 0.374912 0.591331 0.373852 0.591331 0.372792 0.582043 0.340989 0.591331 0.324028 0.591331 0.322968 0.591331 0.321908 0.591331 0.320848 0.578947 0.297527 0.591331 0.282686 0.591331 0.281625 0.591331 0.280565 0.591331 0.279505 0.591331 0.278445 0.591331 0.276325 0.578947 0.261484 0.589783 0.230742 0.589783 0.229682 0.589783 0.228622 0.589783 0.227562 0.577399 0.208481 0.560372 0.208481
0 0.484520 0.830389 0.459752 0.827208 0.442724 0.861131 0.479876 0.866431 0.521672 0.866431 0.510836 0.831449 0.484520 0.830389
0 0.718266 0.616254 0.698142 0.616254 0.698142 0.670318 0.695046 0.674558 0.684211 0.687279 0.684211 0.688339 0.684211 0.689399 0.684211 0.690459 0.693498 0.708481 0.696594 0.716961 0.693498 0.722261 0.676471 0.744523 0.676471 0.745583 0.676471 0.746643 0.676471 0.787986 0.676471 0.790106 0.688854 0.810247 0.696594 0.825088 0.685759 0.866431 0.718266 0.867491 0.743034 0.866431 0.735294 0.745583 0.738390 0.738163 0.744582 0.727562 0.744582 0.726502 0.744582 0.725442 0.744582 0.724382 0.744582 0.722261 0.738390 0.718021 0.736842 0.716961 0.738390 0.715901 0.743034 0.711661 0.744582 0.711661 0.744582 0.709541 0.744582 0.708481 0.747678 0.708481 0.747678 0.681979 0.744582 0.680919 0.744582 0.679859 0.736842 0.665018 0.735294 0.662898 0.735294 0.660777 0.744582 0.640636 0.744582 0.639576 0.744582 0.638516 0.744582 0.637456 0.733746 0.616254 0.718266 0.616254
0 0.311146 0.867491 0.311146 0.832509 0.318885 0.825088 0.320433 0.825088 0.320433 0.824028 0.320433 0.822968 0.320433 0.821908 0.320433 0.820848 0.311146 0.798587 0.320433 0.790106 0.320433 0.787986 0.320433 0.786926 0.321981 0.786926 0.321981 0.756184 0.320433 0.755124 0.320433 0.754064 0.320433 0.753004 0.318885 0.753004 0.312693 0.746643 0.320433 0.740283 0.320433 0.739223 0.320433 0.738163 0.320433 0.736042 0.320433 0.734982 0.311146 0.711661 0.320433 0.702120 0.320433 0.701060 0.320433 0.700000 0.320433 0.698940 0.320433 0.697880 0.311146 0.674558 0.320433 0.663958 0.320433 0.662898 0.320433 0.661837 0.320433 0.660777 0.320433 0.659717 0.311146 0.628975 0.318885 0.597173 0.318885 0.596113 0.318885 0.595053 0.311146 0.581272 0.318885 0.574912 0.320433 0.574912 0.320433 0.573852 0.320433 0.572792 0.320433 0.571731 0.320433 0.570671 0.311146 0.556890 0.320433 0.524028 0.320433 0.522968 0.320433 0.521908 0.312693 0.502827 0.320433 0.472438 0.320433 0.471378 0.320433 0.470318 0.320433 0.469258 0.311146 0.461837 0.320433 0.449117 0.320433 0.446996 0.320433 0.445936 0.320433 0.444876 0.311146 0.428975 0.320433 0.420495 0.320433 0.419435 0.320433 0.418375 0.320433 0.417314 0.320433 0.416254 0.311146 0.391873 0.320433 0.377032 0.320433 0.375972 0.320433 0.374912 0.311146 0.301767 0.320433 0.287986 0.320433 0.286926 0.320433 0.285866 0.320433 0.284806 0.311146 0.266784 0.320433 0.247703 0.320433 0.246643 0.320433 0.245583 0.320433 0.244523 0.311146 0.230742 0.320433 0.210601 0.320433 0.209541 0.320433 0.208481 0.320433 0.207420 0.311146 0.181979 0.320433 0.173498 0.320433 0.171378 0.320433 0.170318 0.320433 0.169258 0.312693 0.139576 0.320433 0.120495 0.320433 0.118375 0.320433 0.117314 0.320433 0.116254 0.311146 0.091873 0.320433 0.063251 0.320433 0.062191 0.320433 0.061131 0.320433 0.060071 0.309598 0.044170 0.292570 0.044170 0.270898 0.044170 0.270898 0.866431 0.292570 0.867491 0.311146 0.867491
0 0.235294 0.042049 0.202786 0.042049 0.207430 0.867491 0.239938 0.867491 0.260062 0.866431 0.272446 0.856890 0.272446 0.855830 0.272446 0.853710 0.272446 0.852650 0.272446 0.851590 0.260062 0.832509 0.273994 0.820848 0.273994 0.819788 0.273994 0.818728 0.273994 0.817668 0.273994 0.816608 0.260062 0.791166 0.273994 0.765724 0.273994 0.764664 0.273994 0.763604 0.273994 0.761484 0.273994 0.760424 0.261610 0.750883 0.270898 0.742403 0.272446 0.742403 0.272446 0.741343 0.272446 0.740283 0.272446 0.739223 0.272446 0.738163 0.260062 0.715901 0.272446 0.707420 0.273994 0.707420 0.273994 0.706360 0.273994 0.705300 0.273994 0.704240 0.273994 0.703180 0.260062 0.678799 0.273994 0.656537 0.273994 0.655477 0.273994 0.654417 0.273994 0.653357 0.261610 0.628975 0.273994 0.610954 0.273994 0.609894 0.273994 0.608834 0.273994 0.607774 0.273994 0.606714 0.258514 0.589753 0.272446 0.561131 0.272446 0.560071 0.272446 0.559011 0.272446 0.557951 0.272446 0.556890 0.261610 0.547350 0.272446 0.532509 0.272446 0.531449 0.272446 0.530389 0.272446 0.529329 0.258514 0.510247 0.272446 0.481625 0.272446 0.480919 0.272446 0.479859 0.272446 0.478799 0.272446 0.477739 0.260062 0.466078 0.272446 0.446996 0.272446 0.445936 0.272446 0.444876 0.272446 0.443816 0.258514 0.424735 0.272446 0.404594 0.272446 0.403534 0.272446 0.402473 0.272446 0.401413 0.272446 0.400353 0.270898 0.400353 0.258514 0.390813 0.258514 0.378092 0.270898 0.368551 0.272446 0.368551 0.272446 0.367491 0.272446 0.366431 0.272446 0.365371 0.272446 0.364311 0.261610 0.339929 0.272446 0.328269 0.272446 0.327208 0.272446 0.326148 0.272446 0.325088 0.272446 0.324028 0.272446 0.322968 0.256966 0.307067 0.270898 0.295406 0.270898 0.294346 0.270898 0.293286 0.270898 0.292226 0.270898 0.291166 0.256966 0.257244 0.264706 0.247703 0.264706 0.246643 0.264706 0.245583 0.264706 0.244523 0.260062 0.221201 0.269350 0.214841 0.270898 0.214841 0.270898 0.213781 0.270898 0.212721 0.270898 0.210601 0.270898 0.209541 0.256966 0.177739 0.270898 0.155477 0.270898 0.154417 0.270898 0.153357 0.270898 0.152297 0.256966 0.126855 0.270898 0.108834 0.270898 0.107774 0.270898 0.105654 0.270898 0.104594 0.270898 0.103534 0.256966 0.091873 0.270898 0.071731 0.270898 0.070671 0.270898 0.069611 0.270898 0.068551 0.255418 0.039929 0.235294 0.042049
0 0.394737 0.734982 0.357585 0.736042 0.373065 0.759364 0.366873 0.779505 0.366873 0.780565 0.366873 0.781625 0.376161 0.872792 0.397833 0.872792 0.411765 0.871731 0.421053 0.866431 0.421053 0.865371 0.421053 0.864311 0.421053 0.863251 0.421053 0.862191 0.411765 0.840989 0.424149 0.831449 0.425697 0.831449 0.425697 0.830389 0.425697 0.829329 0.427245 0.829329 0.427245 0.804947 0.425697 0.803887 0.425697 0.801767 0.425697 0.800707 0.413313 0.791166 0.424149 0.782686 0.424149 0.781625 0.424149 0.780565 0.424149 0.779505 0.411765 0.733922 0.394737 0.734982
0 0.348297 0.748763 0.311146 0.748763 0.301858 0.872792 0.348297 0.873852 0.368421 0.872792 0.376161 0.764664 0.376161 0.763604 0.376161 0.761484 0.366873 0.748763 0.348297 0.748763
