0 0.999999 0.231218 0.999999 0.018182 0.999999 0.018182 0.959509 0.017153 0.958144 0.228130 0.997725 0.231218 0.999999 0.231218
0 0.999999 0.480274 0.999999 0.480274 0.999999 0.344425 0.999999 0.344425 0.992266 0.344425 0.992266 0.480274 0.999999 0.480274
0 0.984076 0.484391 0.994995 0.484391 0.999999 0.408233 0.984076 0.408233 0.959509 0.408233 0.959509 0.484391 0.984076 0.484391
0 0.999999 0.743739 0.999999 0.743739 0.999999 0.706690 0.999999 0.706690 0.992266 0.706690 0.992266 0.743739 0.999999 0.743739
0 0.560965 0.028473 0.540491 0.028473 0.540491 0.104631 0.563694 0.105660 0.581438 0.104631 0.589627 0.043911 0.589627 0.042882 0.589627 0.041852 0.580073 0.027444 0.560965 0.028473
0 0.544586 0.101544 0.552775 0.080961 0.552775 0.079931 0.552775 0.078902 0.552775 0.077873 0.552775 0.076844 0.551410 0.076844 0.543221 0.069640 0.541856 0.068611 0.543221 0.066552 0.552775 0.045969 0.552775 0.044940 0.552775 0.043911 0.552775 0.042882 0.541856 0.026415 0.525478 0.026415 0.506369 0.025386 0.506369 0.097427 0.524113 0.101544 0.544586 0.101544
0 0.928116 0.020240 0.880346 0.023328 0.891265 0.033619 0.883076 0.040823 0.883076 0.041852 0.883076 0.042882 0.883076 0.043911 0.883076 0.044940 0.883076 0.045969 0.891265 0.053173 0.888535 0.077873 0.884440 0.104631 0.884440 0.105660 0.884440 0.107719 0.892630 0.122127 0.930846 0.122127 0.941765 0.121098 0.952684 0.101544 0.952684 0.100515 0.954049 0.100515 0.954049 0.077873 0.952684 0.076844 0.952684 0.075815 0.952684 0.074786 0.951319 0.074786 0.951319 0.073756 0.943130 0.068611 0.951319 0.036707 0.951319 0.035678 0.951319 0.034648 0.951319 0.033619 0.940400 0.019211 0.928116 0.020240
0 0.749318 0.322813 0.762966 0.303259 0.762966 0.301201 0.762966 0.300172 0.762966 0.299142 0.752047 0.274443 0.762966 0.202401 0.762966 0.201372 0.762966 0.199314 0.762966 0.198285 0.752047 0.189022 0.765696 0.171527 0.765696 0.170497 0.765696 0.169468 0.765696 0.168439 0.754777 0.153002 0.765696 0.137564 0.765696 0.136535 0.765696 0.135506 0.752047 0.020240 0.737034 0.020240 0.711101 0.019211 0.711101 0.037736 0.709736 0.037736 0.700182 0.045969 0.698817 0.045969 0.698817 0.046998 0.698817 0.049057 0.698817 0.050086 0.698817 0.051115 0.709736 0.068611 0.698817 0.101544 0.698817 0.102573 0.698817 0.103602 0.698817 0.104631 0.698817 0.105660 0.700182 0.105660 0.709736 0.112864 0.700182 0.126244 0.700182 0.127273 0.700182 0.128302 0.700182 0.129331 0.709736 0.144768 0.709736 0.145798 0.709736 0.146827 0.697452 0.168439 0.697452 0.169468 0.697452 0.170497 0.697452 0.171527 0.707006 0.191081 0.697452 0.203431 0.697452 0.204460 0.697452 0.205489 0.697452 0.206518 0.697452 0.207547 0.707006 0.229160 0.698817 0.236364 0.697452 0.236364 0.697452 0.237393 0.697452 0.238422 0.697452 0.239451 0.697452 0.240480 0.707006 0.259005 0.707006 0.261063 0.707006 0.262093 0.698817 0.286792 0.698817 0.287822 0.698817 0.288851 0.707006 0.320755 0.734304 0.322813 0.749318 0.322813
0 0.364422 0.018182 0.320746 0.019211 0.328935 0.036707 0.322111 0.070669 0.320746 0.084048 0.320746 0.085077 0.320746 0.086106 0.323476 0.094340 0.330300 0.113894 0.326206 0.129331 0.322111 0.136535 0.322111 0.137564 0.322111 0.138593 0.322111 0.139623 0.322111 0.141681 0.326206 0.143739 0.331665 0.148885 0.331665 0.233276 0.330300 0.253859 0.323476 0.298113 0.323476 0.299142 0.323476 0.300172 0.331665 0.316638 0.333030 0.320755 0.333030 0.326930 0.326206 0.371184 0.326206 0.372213 0.335760 0.405146 0.371247 0.405146 0.390355 0.403087 0.399909 0.351630 0.399909 0.350600 0.399909 0.349571 0.399909 0.348542 0.390355 0.337221 0.397179 0.312521 0.397179 0.310463 0.388990 0.284734 0.388990 0.282676 0.388990 0.281647 0.398544 0.249743 0.398544 0.248714 0.387625 0.196226 0.387625 0.194168 0.387625 0.191081 0.397179 0.114923 0.397179 0.113894 0.383530 0.017153 0.364422 0.018182
0 0.833940 0.092281 0.802548 0.091252 0.790264 0.126244 0.790264 0.127273 0.790264 0.128302 0.790264 0.129331 0.801183 0.154031 0.790264 0.180789 0.790264 0.181818 0.790264 0.182847 0.790264 0.184906 0.790264 0.185935 0.799818 0.193139 0.788899 0.213722 0.788899 0.214751 0.788899 0.215780 0.788899 0.216810 0.799818 0.237393 0.788899 0.267238 0.788899 0.269297 0.788899 0.270326 0.788899 0.271355 0.788899 0.272384 0.790264 0.272384 0.801183 0.280617 0.801183 0.308405 0.787534 0.334134 0.787534 0.335163 0.787534 0.337221 0.787534 0.338250 0.787534 0.339280 0.797088 0.350600 0.787534 0.382504 0.787534 0.383533 0.787534 0.384563 0.787534 0.385592 0.787534 0.386621 0.788899 0.386621 0.799818 0.394854 0.799818 0.434991 0.828480 0.437050 0.851683 0.437050 0.862602 0.342367 0.862602 0.341338 0.862602 0.340309 0.862602 0.339280 0.861237 0.339280 0.853048 0.332075 0.859873 0.290909 0.859873 0.289880 0.859873 0.288851 0.859873 0.287822 0.851683 0.281647 0.863967 0.262093 0.863967 0.261063 0.863967 0.259005 0.863967 0.257976 0.863967 0.256947 0.862602 0.256947 0.851683 0.247684 0.850318 0.246655 0.850318 0.232247 0.851683 0.231218 0.862602 0.221955 0.863967 0.221955 0.863967 0.220926 0.863967 0.219897 0.863967 0.218868 0.863967 0.216810 0.855778 0.196226 0.866697 0.144768 0.866697 0.143739 0.850318 0.092281 0.833940 0.092281
0 0.259327 0.564666 0.259327 0.519383 0.266151 0.512178 0.267516 0.512178 0.267516 0.511149 0.267516 0.510120 0.270246 0.510120 0.270246 0.486449 0.267516 0.485420 0.267516 0.484391 0.267516 0.483362 0.266151 0.483362 0.260692 0.477187 0.267516 0.471012 0.267516 0.469983 0.267516 0.468954 0.267516 0.467925 0.267516 0.466895 0.259327 0.442196 0.267516 0.417496 0.267516 0.416467 0.267516 0.415437 0.267516 0.414408 0.259327 0.398971 0.267516 0.382504 0.267516 0.381475 0.267516 0.380446 0.267516 0.378388 0.259327 0.362950 0.267516 0.352659 0.267516 0.351630 0.267516 0.350600 0.267516 0.349571 0.267516 0.348542 0.259327 0.318696 0.267516 0.305317 0.267516 0.304288 0.267516 0.303259 0.267516 0.301201 0.259327 0.275472 0.266151 0.253859 0.266151 0.252830 0.266151 0.250772 0.266151 0.249743 0.259327 0.235334 0.266151 0.229160 0.267516 0.229160 0.267516 0.228130 0.267516 0.227101 0.267516 0.225043 0.267516 0.224014 0.259327 0.195197 0.266151 0.177702 0.266151 0.176672 0.266151 0.175643 0.259327 0.146827 0.267516 0.123156 0.267516 0.122127 0.267516 0.121098 0.267516 0.120069 0.267516 0.119039 0.260692 0.109777 0.266151 0.103602 0.267516 0.103602 0.267516 0.102573 0.267516 0.101544 0.270246 0.101544 0.270246 0.043911 0.267516 0.042882 0.267516 0.041852 0.267516 0.040823 0.260692 0.032590 0.245678 0.032590 0.192448 0.032590 0.192448 0.563636 0.245678 0.564666 0.259327 0.564666
0 0.289354 0.026415 0.264786 0.025386 0.260692 0.592453 0.283894 0.594511 0.301638 0.593482 0.296178 0.562607 0.301638 0.544082 0.305732 0.535849 0.305732 0.534820 0.305732 0.533791 0.305732 0.532762 0.301638 0.527616 0.296178 0.519383 0.301638 0.511149 0.305732 0.509091 0.305732 0.508062 0.305732 0.506003 0.305732 0.504974 0.301638 0.493654 0.296178 0.471012 0.301638 0.436021 0.307097 0.406175 0.307097 0.405146 0.307097 0.403087 0.307097 0.402058 0.301638 0.397942 0.297543 0.393825 0.301638 0.389708 0.307097 0.381475 0.307097 0.380446 0.307097 0.378388 0.307097 0.377358 0.301638 0.367067 0.297543 0.357804 0.301638 0.347513 0.307097 0.333105 0.307097 0.332075 0.307097 0.331046 0.307097 0.330017 0.307097 0.328988 0.300273 0.322813 0.298908 0.318696 0.300273 0.316638 0.307097 0.312521 0.308462 0.312521 0.308462 0.310463 0.308462 0.309434 0.309827 0.309434 0.309827 0.283705 0.308462 0.282676 0.308462 0.281647 0.308462 0.280617 0.307097 0.280617 0.300273 0.275472 0.298908 0.274443 0.300273 0.272384 0.308462 0.259005 0.308462 0.257976 0.308462 0.256947 0.300273 0.204460 0.298908 0.193139 0.300273 0.191081 0.307097 0.185935 0.308462 0.185935 0.308462 0.184906 0.308462 0.182847 0.308462 0.181818 0.300273 0.150943 0.300273 0.148885 0.309827 0.125214 0.309827 0.123156 0.309827 0.122127 0.309827 0.121098 0.309827 0.120069 0.308462 0.120069 0.300273 0.112864 0.309827 0.086106 0.309827 0.085077 0.309827 0.084048 0.309827 0.083019 0.309827 0.080961 0.300273 0.073756 0.308462 0.050086 0.308462 0.049057 0.308462 0.046998 0.308462 0.045969 0.298908 0.026415 0.289354 0.026415
0 0.750682 0.328988 0.728844 0.328988 0.731574 0.878559 0.752047 0.878559 0.765696 0.877530 0.773885 0.871355 0.773885 0.870326 0.773885 0.869297 0.773885 0.868268 0.773885 0.867238 0.765696 0.847684 0.773885 0.828130 0.773885 0.827101 0.776615 0.827101 0.773885 0.826072 0.773885 0.825043 0.765696 0.806518 0.773885 0.783877 0.773885 0.782847 0.773885 0.781818 0.773885 0.780789 0.765696 0.762264 0.773885 0.749914 0.773885 0.748885 0.773885 0.747856 0.773885 0.746827 0.773885 0.745798 0.765696 0.724185 0.765696 0.723156 0.765696 0.635678 0.767061 0.631561 0.773885 0.622298 0.773885 0.621269 0.773885 0.620240 0.773885 0.619211 0.773885 0.618182 0.767061 0.602744 0.765696 0.600686 0.767061 0.600686 0.772520 0.594511 0.773885 0.594511 0.773885 0.593482 0.773885 0.592453 0.776615 0.592453 0.776615 0.527616 0.773885 0.526587 0.773885 0.525557 0.773885 0.524528 0.772520 0.524528 0.768426 0.519383 0.765696 0.518353 0.768426 0.513208 0.773885 0.502916 0.773885 0.501887 0.773885 0.500858 0.773885 0.499828 0.768426 0.486449 0.765696 0.479245 0.768426 0.477187 0.773885 0.473070 0.773885 0.471012 0.773885 0.469983 0.773885 0.468954 0.768426 0.450429 0.765696 0.437050 0.769791 0.424700 0.773885 0.409262 0.773885 0.408233 0.773885 0.407204 0.773885 0.406175 0.773885 0.405146 0.769791 0.400000 0.765696 0.394854 0.769791 0.390738 0.772520 0.386621 0.772520 0.385592 0.772520 0.384563 0.772520 0.383533 0.769791 0.326930 0.750682 0.328988
0 0.717925 0.324871 0.675614 0.323842 0.670155 0.871355 0.705641 0.874443 0.726115 0.871355 0.716561 0.842539 0.726115 0.825043 0.727480 0.822985 0.727480 0.821955 0.727480 0.819897 0.727480 0.818868 0.726115 0.816810 0.717925 0.799314 0.726115 0.792110 0.727480 0.791081 0.728844 0.791081 0.728844 0.790051 0.728844 0.789022 0.731574 0.789022 0.731574 0.763293 0.728844 0.762264 0.728844 0.760206 0.728844 0.759177 0.727480 0.759177 0.727480 0.758148 0.720655 0.754031 0.727480 0.742710 0.731574 0.737564 0.731574 0.736535 0.731574 0.734477 0.731574 0.733448 0.727480 0.726244 0.722020 0.714923 0.727480 0.703602 0.731574 0.695369 0.731574 0.694340 0.731574 0.692281 0.731574 0.691252 0.731574 0.690223 0.727480 0.687136 0.720655 0.679931 0.727480 0.666552 0.732939 0.656261 0.732939 0.655232 0.732939 0.654202 0.732939 0.653173 0.732939 0.652144 0.727480 0.645969 0.722020 0.639794 0.727480 0.635678 0.732939 0.630532 0.732939 0.629503 0.732939 0.628473 0.732939 0.627444 0.727480 0.607890 0.723385 0.594511 0.727480 0.590395 0.732939 0.586278 0.734304 0.586278 0.734304 0.585249 0.734304 0.584220 0.734304 0.582161 0.734304 0.581132 0.727480 0.567753 0.723385 0.559520 0.727480 0.554374 0.734304 0.547170 0.734304 0.546141 0.734304 0.545111 0.734304 0.544082 0.734304 0.543053 0.727480 0.522470 0.724750 0.514237 0.727480 0.512178 0.734304 0.506003 0.735669 0.506003 0.735669 0.504974 0.735669 0.503945 0.735669 0.502916 0.735669 0.501887 0.727480 0.491595 0.724750 0.486449 0.727480 0.480274 0.735669 0.462779 0.735669 0.461750 0.735669 0.460720 0.727480 0.407204 0.726115 0.393825 0.727480 0.390738 0.738399 0.372213 0.738399 0.371184 0.738399 0.369125 0.738399 0.368096 0.727480 0.352659 0.735669 0.338250 0.735669 0.337221 0.735669 0.335163 0.735669 0.334134 0.728844 0.324871 0.717925 0.324871
0 0.667425 0.879588 0.678344 0.866209 0.678344 0.865180 0.678344 0.864151 0.670155 0.825043 0.679709 0.815780 0.679709 0.814751 0.679709 0.813722 0.679709 0.811664 0.679709 0.810635 0.679709 0.809605 0.670155 0.797256 0.670155 0.757118 0.679709 0.746827 0.679709 0.745798 0.679709 0.743739 0.679709 0.742710 0.679709 0.741681 0.670155 0.723156 0.679709 0.705660 0.679709 0.704631 0.679709 0.703602 0.679709 0.702573 0.670155 0.673756 0.678344 0.614065 0.678344 0.613036 0.678344 0.612007 0.678344 0.610978 0.670155 0.602744 0.678344 0.589365 0.678344 0.588336 0.678344 0.587307 0.671520 0.553345 0.681074 0.536878 0.681074 0.535849 0.681074 0.534820 0.681074 0.533791 0.672884 0.518353 0.681074 0.488508 0.681074 0.487479 0.681074 0.486449 0.681074 0.485420 0.671520 0.476158 0.681074 0.466895 0.681074 0.465866 0.681074 0.464837 0.681074 0.462779 0.681074 0.461750 0.671520 0.440137 0.681074 0.430875 0.681074 0.428816 0.681074 0.427787 0.681074 0.426758 0.672884 0.396913 0.681074 0.376329 0.681074 0.375300 0.681074 0.374271 0.681074 0.373242 0.671520 0.343396 0.682439 0.309434 0.682439 0.308405 0.682439 0.307376 0.675614 0.272384 0.682439 0.263122 0.682439 0.262093 0.682439 0.261063 0.683803 0.261063 0.683803 0.177702 0.682439 0.176672 0.682439 0.175643 0.672884 0.155060 0.682439 0.141681 0.682439 0.139623 0.683803 0.139623 0.683803 0.084048 0.682439 0.083019 0.682439 0.080961 0.672884 0.063465 0.682439 0.052144 0.682439 0.051115 0.682439 0.050086 0.682439 0.049057 0.682439 0.046998 0.672884 0.034648 0.661965 0.034648 0.641492 0.033619 0.637398 0.877530 0.657871 0.879588 0.667425 0.879588
0 0.626479 0.879588 0.638763 0.869297 0.638763 0.868268 0.638763 0.867238 0.638763 0.866209 0.638763 0.865180 0.631938 0.842539 0.637398 0.836364 0.638763 0.836364 0.638763 0.835334 0.638763 0.834305 0.638763 0.833276 0.631938 0.799314 0.638763 0.774614 0.638763 0.773585 0.638763 0.772556 0.638763 0.771527 0.638763 0.769468 0.627843 0.757118 0.637398 0.746827 0.637398 0.745798 0.637398 0.743739 0.637398 0.742710 0.627843 0.707719 0.638763 0.695369 0.638763 0.694340 0.638763 0.692281 0.638763 0.691252 0.638763 0.690223 0.638763 0.689194 0.630573 0.678902 0.638763 0.664494 0.638763 0.663465 0.638763 0.662436 0.638763 0.661407 0.627843 0.630532 0.638763 0.612007 0.638763 0.610978 0.638763 0.609949 0.638763 0.607890 0.638763 0.606861 0.627843 0.597599 0.641492 0.572899 0.641492 0.571870 0.641492 0.570840 0.641492 0.569811 0.641492 0.568782 0.630573 0.556432 0.638763 0.532762 0.638763 0.530703 0.638763 0.529674 0.638763 0.528645 0.638763 0.527616 0.631938 0.517324 0.638763 0.510120 0.641492 0.510120 0.641492 0.509091 0.641492 0.508062 0.641492 0.506003 0.641492 0.504974 0.630573 0.480274 0.637398 0.458662 0.637398 0.457633 0.637398 0.456604 0.637398 0.454545 0.630573 0.431904 0.638763 0.415437 0.638763 0.414408 0.638763 0.412350 0.638763 0.411321 0.630573 0.392796 0.641492 0.374271 0.641492 0.373242 0.641492 0.372213 0.641492 0.371184 0.630573 0.352659 0.641492 0.334134 0.641492 0.333105 0.641492 0.332075 0.641492 0.331046 0.630573 0.316638 0.641492 0.308405 0.642857 0.308405 0.642857 0.307376 0.642857 0.306346 0.642857 0.305317 0.642857 0.304288 0.631938 0.275472 0.642857 0.264151 0.642857 0.263122 0.642857 0.262093 0.642857 0.261063 0.642857 0.259005 0.631938 0.240480 0.642857 0.222985 0.642857 0.221955 0.644222 0.221955 0.644222 0.199314 0.642857 0.198285 0.642857 0.197256 0.642857 0.196226 0.641492 0.196226 0.633303 0.189022 0.638763 0.181818 0.638763 0.180789 0.638763 0.179760 0.638763 0.178731 0.631938 0.144768 0.641492 0.135506 0.641492 0.134477 0.641492 0.133448 0.641492 0.131389 0.641492 0.130360 0.631938 0.113894 0.638763 0.085077 0.638763 0.084048 0.638763 0.083019 0.631938 0.068611 0.642857 0.050086 0.642857 0.049057 0.642857 0.046998 0.642857 0.045969 0.642857 0.044940 0.633303 0.034648 0.619654 0.034648 0.597816 0.033619 0.593722 0.877530 0.614195 0.879588 0.626479 0.879588
0 0.555505 0.879588 0.570519 0.879588 0.578708 0.874443 0.580073 0.874443 0.580073 0.873413 0.580073 0.871355 0.580073 0.870326 0.580073 0.869297 0.570519 0.840480 0.580073 0.800343 0.580073 0.799314 0.580073 0.798285 0.570519 0.780789 0.580073 0.738593 0.581438 0.738593 0.581438 0.707719 0.580073 0.706690 0.580073 0.705660 0.580073 0.704631 0.570519 0.697427 0.580073 0.683019 0.580073 0.681990 0.581438 0.681990 0.581438 0.650086 0.580073 0.649057 0.580073 0.648027 0.580073 0.646998 0.570519 0.638765 0.580073 0.629503 0.580073 0.628473 0.580073 0.627444 0.580073 0.626415 0.570519 0.571870 0.570519 0.563636 0.571884 0.560549 0.580073 0.539966 0.580073 0.538937 0.580073 0.537907 0.580073 0.536878 0.571884 0.524528 0.570519 0.521441 0.571884 0.514237 0.578708 0.486449 0.578708 0.485420 0.578708 0.484391 0.571884 0.475129 0.570519 0.473070 0.571884 0.473070 0.578708 0.466895 0.580073 0.466895 0.580073 0.465866 0.580073 0.464837 0.580073 0.462779 0.580073 0.461750 0.580073 0.460720 0.571884 0.453516 0.570519 0.452487 0.571884 0.446312 0.580073 0.426758 0.580073 0.425729 0.580073 0.424700 0.580073 0.423671 0.574613 0.412350 0.570519 0.408233 0.574613 0.401029 0.580073 0.383533 0.580073 0.382504 0.580073 0.381475 0.580073 0.380446 0.574613 0.360892 0.570519 0.350600 0.570519 0.328988 0.574613 0.325901 0.578708 0.321784 0.580073 0.321784 0.580073 0.320755 0.580073 0.318696 0.580073 0.317667 0.574613 0.292967 0.570519 0.278559 0.574613 0.271355 0.580073 0.263122 0.580073 0.262093 0.581438 0.262093 0.581438 0.204460 0.580073 0.203431 0.580073 0.202401 0.580073 0.201372 0.575978 0.197256 0.570519 0.194168 0.575978 0.186964 0.580073 0.179760 0.580073 0.178731 0.580073 0.177702 0.575978 0.125214 0.555505 0.125214 0.513194 0.125214 0.520018 0.150943 0.513194 0.171527 0.510464 0.182847 0.510464 0.184906 0.510464 0.185935 0.510464 0.186964 0.513194 0.190051 0.520018 0.198285 0.513194 0.236364 0.510464 0.263122 0.510464 0.264151 0.510464 0.265180 0.510464 0.266209 0.514559 0.271355 0.520018 0.278559 0.514559 0.295026 0.510464 0.309434 0.510464 0.310463 0.510464 0.312521 0.514559 0.322813 0.520018 0.333105 0.514559 0.340309 0.510464 0.348542 0.510464 0.349571 0.510464 0.350600 0.510464 0.351630 0.514559 0.360892 0.520018 0.368096 0.514559 0.374271 0.510464 0.382504 0.510464 0.383533 0.510464 0.384563 0.510464 0.385592 0.515924 0.401029 0.520018 0.411321 0.515924 0.416467 0.510464 0.422642 0.510464 0.423671 0.510464 0.424700 0.510464 0.425729 0.510464 0.426758 0.510464 0.427787 0.515924 0.433962 0.520018 0.439108 0.515924 0.458662 0.511829 0.490566 0.511829 0.491595 0.511829 0.492624 0.515924 0.509091 0.520018 0.517324 0.515924 0.524528 0.510464 0.542024 0.510464 0.543053 0.510464 0.544082 0.510464 0.545111 0.518653 0.556432 0.520018 0.560549 0.518653 0.568782 0.510464 0.596569 0.510464 0.597599 0.510464 0.598628 0.510464 0.600686 0.518653 0.607890 0.520018 0.610978 0.518653 0.612007 0.510464 0.621269 0.510464 0.622298 0.510464 0.623328 0.510464 0.624357 0.510464 0.626415 0.510464 0.627444 0.518653 0.635678 0.520018 0.636707 0.518653 0.639794 0.510464 0.664494 0.510464 0.665523 0.510464 0.666552 0.510464 0.668611 0.510464 0.669640 0.520018 0.677873 0.521383 0.678902 0.521383 0.787993 0.520018 0.787993 0.511829 0.797256 0.511829 0.798285 0.511829 0.799314 0.511829 0.800343 0.520018 0.840480 0.510464 0.864151 0.510464 0.865180 0.510464 0.866209 0.510464 0.867238 0.510464 0.868268 0.518653 0.879588 0.555505 0.879588
0 0.457234 0.881647 0.480437 0.881647 0.488626 0.585249 0.488626 0.584220 0.485896 0.569811 0.479072 0.550257 0.485896 0.532762 0.488626 0.522470 0.488626 0.521441 0.488626 0.520412 0.485896 0.503945 0.481802 0.485420 0.487261 0.431904 0.489991 0.381475 0.489991 0.380446 0.489991 0.378388 0.487261 0.372213 0.480437 0.359863 0.487261 0.347513 0.489991 0.341338 0.489991 0.340309 0.489991 0.339280 0.487261 0.322813 0.480437 0.286792 0.488626 0.276501 0.489991 0.274443 0.489991 0.273413 0.489991 0.272384 0.489991 0.271355 0.489991 0.270326 0.488626 0.264151 0.481802 0.247684 0.488626 0.229160 0.489991 0.222985 0.489991 0.221955 0.489991 0.220926 0.489991 0.219897 0.488626 0.215780 0.480437 0.197256 0.488626 0.173585 0.489991 0.170497 0.489991 0.169468 0.489991 0.168439 0.488626 0.163293 0.480437 0.134477 0.489991 0.020240 0.461328 0.020240 0.416288 0.019211 0.425842 0.066552 0.416288 0.088165 0.416288 0.089194 0.416288 0.091252 0.416288 0.092281 0.416288 0.093310 0.416288 0.094340 0.428571 0.111835 0.428571 0.164322 0.417652 0.172556 0.416288 0.172556 0.416288 0.173585 0.416288 0.175643 0.416288 0.176672 0.416288 0.177702 0.416288 0.178731 0.417652 0.179760 0.425842 0.190051 0.417652 0.207547 0.416288 0.211664 0.416288 0.212693 0.416288 0.213722 0.416288 0.214751 0.417652 0.216810 0.425842 0.231218 0.417652 0.250772 0.416288 0.255918 0.416288 0.256947 0.416288 0.257976 0.416288 0.259005 0.416288 0.261063 0.417652 0.262093 0.424477 0.270326 0.419017 0.275472 0.419017 0.276501 0.419017 0.278559 0.419017 0.279588 0.425842 0.315609 0.419017 0.334134 0.416288 0.341338 0.416288 0.342367 0.416288 0.343396 0.416288 0.344425 0.416288 0.346484 0.419017 0.348542 0.425842 0.358834 0.425842 0.397942 0.419017 0.402058 0.417652 0.405146 0.416288 0.405146 0.416288 0.406175 0.416288 0.407204 0.416288 0.408233 0.416288 0.434991 0.416288 0.436021 0.416288 0.437050 0.417652 0.437050 0.420382 0.440137 0.425842 0.445283 0.425842 0.496741 0.420382 0.500858 0.416288 0.504974 0.413558 0.504974 0.413558 0.506003 0.413558 0.508062 0.413558 0.509091 0.413558 0.510120 0.413558 0.511149 0.420382 0.517324 0.424477 0.521441 0.420382 0.533791 0.417652 0.544082 0.417652 0.545111 0.417652 0.546141 0.417652 0.547170 0.417652 0.548199 0.420382 0.552316 0.424477 0.556432 0.420382 0.561578 0.413558 0.571870 0.413558 0.572899 0.413558 0.573928 0.413558 0.575986 0.421747 0.588336 0.424477 0.595540 0.421747 0.601715 0.413558 0.615094 0.413558 0.616123 0.413558 0.618182 0.413558 0.619211 0.421747 0.632590 0.425842 0.639794 0.425842 0.684048 0.421747 0.687136 0.416288 0.692281 0.413558 0.692281 0.413558 0.694340 0.413558 0.695369 0.413558 0.696398 0.413558 0.697427 0.423112 0.709777 0.424477 0.713894 0.423112 0.716981 0.413558 0.729331 0.413558 0.730360 0.413558 0.731389 0.413558 0.732419 0.423112 0.748885 0.424477 0.754031 0.423112 0.758148 0.413558 0.779760 0.413558 0.780789 0.413558 0.781818 0.413558 0.782847 0.423112 0.799314 0.424477 0.801372 0.423112 0.803431 0.413558 0.819897 0.413558 0.821955 0.413558 0.822985 0.413558 0.824014 0.423112 0.837393 0.424477 0.839451 0.423112 0.840480 0.416288 0.857976 0.416288 0.859005 0.416288 0.860034 0.416288 0.861063 0.423112 0.879588 0.457234 0.881647
0 0.388990 0.881647 0.399909 0.871355 0.399909 0.870326 0.399909 0.869297 0.399909 0.868268 0.399909 0.867238 0.390355 0.842539 0.399909 0.832247 0.399909 0.831218 0.399909 0.830189 0.399909 0.828130 0.399909 0.827101 0.390355 0.803431 0.399909 0.777702 0.399909 0.776672 0.399909 0.775643 0.399909 0.774614 0.390355 0.762264 0.399909 0.754031 0.399909 0.751973 0.399909 0.750943 0.399909 0.749914 0.399909 0.748885 0.390355 0.726244 0.398544 0.686106 0.398544 0.684048 0.398544 0.683019 0.398544 0.681990 0.397179 0.681990 0.391720 0.678902 0.398544 0.672727 0.399909 0.672727 0.399909 0.671698 0.399909 0.670669 0.401274 0.632590 0.402639 0.632590 0.402639 0.606861 0.401274 0.605832 0.401274 0.604803 0.401274 0.603774 0.399909 0.603774 0.394449 0.597599 0.401274 0.592453 0.401274 0.590395 0.401274 0.589365 0.401274 0.588336 0.401274 0.587307 0.391720 0.559520 0.399909 0.537907 0.399909 0.536878 0.401274 0.536878 0.399909 0.535849 0.399909 0.534820 0.391720 0.516295 0.399909 0.509091 0.401274 0.509091 0.401274 0.508062 0.401274 0.506003 0.401274 0.504974 0.401274 0.503945 0.391720 0.482333 0.391720 0.480274 0.401274 0.462779 0.401274 0.461750 0.401274 0.460720 0.391720 0.411321 0.380801 0.411321 0.356233 0.410292 0.356233 0.878559 0.378071 0.881647 0.388990 0.881647
0 0.349409 0.881647 0.361692 0.857976 0.361692 0.856947 0.361692 0.855918 0.353503 0.806518 0.361692 0.787993 0.361692 0.785935 0.361692 0.784906 0.361692 0.783877 0.352138 0.765352 0.352138 0.764322 0.361692 0.757118 0.363057 0.757118 0.363057 0.756089 0.363057 0.755060 0.363057 0.754031 0.363057 0.751973 0.353503 0.725214 0.353503 0.724185 0.353503 0.723156 0.361692 0.707719 0.361692 0.706690 0.361692 0.705660 0.354868 0.660377 0.353503 0.643911 0.354868 0.639794 0.364422 0.627444 0.364422 0.626415 0.364422 0.624357 0.364422 0.623328 0.356233 0.604803 0.354868 0.598628 0.356233 0.581132 0.365787 0.522470 0.365787 0.521441 0.365787 0.520412 0.365787 0.519383 0.364422 0.519383 0.360328 0.514237 0.356233 0.513208 0.360328 0.511149 0.364422 0.502916 0.364422 0.501887 0.364422 0.500858 0.364422 0.499828 0.360328 0.490566 0.356233 0.483362 0.360328 0.474099 0.365787 0.457633 0.365787 0.456604 0.365787 0.454545 0.365787 0.453516 0.365787 0.452487 0.361692 0.448370 0.356233 0.442196 0.361692 0.405146 0.339854 0.405146 0.301638 0.403087 0.300273 0.877530 0.333030 0.881647 0.349409 0.881647
0 0.282530 0.878559 0.294813 0.850772 0.294813 0.849743 0.294813 0.848714 0.285259 0.801372 0.294813 0.780789 0.294813 0.779760 0.294813 0.777702 0.286624 0.644940 0.294813 0.637736 0.296178 0.637736 0.296178 0.636707 0.296178 0.635678 0.297543 0.635678 0.297543 0.610978 0.296178 0.609949 0.296178 0.607890 0.296178 0.606861 0.286624 0.597599 0.270246 0.597599 0.234759 0.596569 0.226570 0.634648 0.226570 0.635678 0.226570 0.636707 0.226570 0.637736 0.233394 0.645969 0.234759 0.646998 0.233394 0.648027 0.226570 0.660377 0.226570 0.661407 0.226570 0.662436 0.226570 0.663465 0.226570 0.664494 0.227934 0.664494 0.233394 0.669640 0.237489 0.671698 0.237489 0.720069 0.230664 0.729331 0.225205 0.741681 0.225205 0.742710 0.225205 0.743739 0.229299 0.798285 0.233394 0.867238 0.226570 0.874443 0.266151 0.878559 0.282530 0.878559
